---------------------
Depth = 0
-0.270575 -0.2649 -0.0798092 -0.0547502 -0.100697 -0.139461 -0.0381322 -0.0597256 -0.130567 -0.175567 -0.234374 -0.270575 
-0.270575 -0.0923712 -0.0205925 -0.0543698 -0.000297129 -0.0894112 -0.0656367 0.0836402 -0.101249 -0.131376 -0.160709 -0.270575 
-0.270575 -0.0916069 0.0588176 0.0699811 -0.148617 -0.103011 0.0504217 -0.0145624 -0.0846721 -0.0447487 -0.196784 -0.270575 
-0.270575 -0.111281 0.124372 0.00382727 -0.0374097 -0.0639747 0.0128125 -0.0855702 -0.102568 -0.0153148 -0.138241 -0.270575 
-0.270575 -0.136546 0.0537977 -0.0155797 -0.0795152 -0.135281 -0.0244702 -0.0603596 -0.017894 -0.0198205 -0.213876 -0.270575 
-0.270575 -0.0106855 0.15048 0.00200588 -0.138542 -0.156055 -0.032529 -0.0545006 -0.111979 -0.0925059 -0.216792 -0.270575 
-0.270575 -0.339382 0.0970254 0.114721 -0.0494541 0.011274 -0.131689 -0.0127302 0.00681877 -0.0857012 -0.234285 -0.270575 
-0.270575 -0.270575 -0.322249 -0.0883417 -0.0731301 0.0156704 0.0666094 -0.0278503 -0.00655812 -0.0569044 -0.226813 -0.270575 
-0.270575 -0.270575 -0.270575 -0.270575 -0.270575 -0.0104013 0.0431994 -0.0413034 -0.00610372 -0.094683 -0.244871 -0.270575 
-0.270575 -0.270575 -0.270575 -0.270575 -0.270575 0.0248439 0.0484661 0.086396 0.04163 -0.133624 -0.266995 -0.270575 
-0.270575 -0.270575 -0.270575 -0.270575 -0.270575 0.0814255 -0.0488001 -0.11348 -0.10225 -0.216686 -0.270575 -0.270575 
-0.270575 -0.265211 -0.246806 -0.0609968 -0.237223 -0.130812 -0.108621 -0.143271 -0.082278 -0.139823 -0.239138 -0.270575 
---------------------
Depth = 1
-0.149019 -0.149019 -0.0856297 0.0585584 -0.00948164 -0.163581 0.0176817 0.0219653 -0.202407 -0.117388 -0.155846 -0.149019 
-0.149019 -0.0655393 0.07137 0.0909897 0.0488191 0.0110895 0.0514996 0.196375 -0.117608 -0.0320824 -0.083959 -0.149019 
-0.149019 0.035929 0.268939 0.00729719 -0.0012594 0.00750104 0.159943 0.241943 0.0132874 0.0448065 -0.0756007 -0.149019 
-0.149019 0.0180802 0.425558 -0.0571572 -0.0300574 0.0452179 0.179043 0.0692444 -0.0252856 0.070495 -0.0287485 -0.149019 
-0.149019 0.000662997 0.357965 -0.00353332 -0.0123316 0.0238177 0.0638367 0.111802 0.0359268 0.105353 -0.16257 -0.149019 
-0.149019 -0.0421357 0.326447 0.136048 -0.111077 -0.0114464 0.0382128 0.108539 0.0105404 0.0702278 -0.118584 -0.149019 
-0.149019 -0.134383 0.321438 0.37155 0.0467855 0.0308925 0.00894377 0.0318122 0.123649 0.0470083 -0.121389 -0.149019 
-0.149019 -0.149019 -0.0255563 0.26168 0.156041 0.122428 0.219768 -0.0341098 0.0967025 0.00897594 -0.149019 -0.149019 
-0.149019 -0.149019 -0.149019 -0.127318 -0.00994068 0.234852 0.327221 -0.0119198 0.135268 -0.0282154 -0.145071 -0.149019 
-0.149019 -0.149019 -0.149019 -0.149019 -0.149019 0.237517 0.362935 0.0694493 0.0982946 -0.103629 -0.12531 -0.149019 
-0.149019 -0.149019 -0.149019 -0.149019 -0.148103 0.182406 0.305428 0.109454 0.0955068 -0.114281 -0.149019 -0.149019 
-0.149019 -0.149019 -0.103489 -0.119319 -0.149019 -0.082139 0.0843623 0.109772 0.0952529 -0.0582656 -0.149019 -0.149019 
---------------------
Depth = 2
-0.113241 0.00409284 -0.0129075 0.00388071 0.113922 -0.100492 0.0871786 0.0286744 -0.0324254 -0.0640042 -0.12305 -0.113241 
-0.113241 0.112316 0.138725 0.0202115 0.0927827 0.17941 0.414119 0.0912181 0.0918867 0.0137375 -0.112259 -0.113241 
-0.113241 0.251439 0.431531 0.0750856 0.0830941 0.00461726 0.348569 0.12665 0.126893 0.0742822 -0.097032 -0.113241 
-0.113241 0.283868 0.385993 0.114362 0.126399 0.116557 0.20533 0.153341 0.140964 0.072043 -0.0835919 -0.113241 
-0.113241 0.280526 0.221034 0.0893146 0.0565621 0.190839 0.136852 0.0771754 0.142112 0.186121 -0.0535598 -0.113241 
-0.113241 0.365554 0.44132 0.301293 0.0241133 0.0689415 0.197216 0.178378 0.144067 0.135036 0.0153986 -0.113241 
-0.113241 0.0276148 0.395202 0.47699 0.41288 0.136222 0.0971349 0.03695 0.164539 -0.0778821 -0.0475312 -0.113241 
-0.113241 -0.0928738 -0.0809691 0.127474 0.314611 0.347068 0.124597 0.161997 0.138819 -0.0538693 -0.0712198 -0.113241 
-0.113241 -0.113241 -0.0871179 -0.0732607 0.1274 0.411503 0.129496 0.244547 0.124577 -0.0302251 -0.0583935 -0.113241 
-0.113241 -0.113241 -0.113241 -0.113241 0.0262224 0.322531 0.23089 0.207056 0.101708 -0.025233 -0.0895857 -0.113241 
-0.113241 -0.113241 -0.113241 -0.113241 -0.113241 0.25332 0.361413 0.241472 0.133308 0.0375571 -0.113241 -0.113241 
-0.113241 -0.00232386 -0.00832963 -0.113241 -0.0785598 -0.0862766 0.053108 0.0608695 -0.015896 -0.0200123 -0.113241 -0.113241 
---------------------
Depth = 3
-0.055912 0.140253 0.179578 0.0908965 0.0706917 -0.032313 0.252093 0.0486696 -0.000995979 -0.0508495 -0.0634076 -0.055912 
-0.055912 0.378381 0.235032 -0.087227 0.0237219 0.114888 0.351898 -0.0306175 -0.00294719 -0.0801128 -0.0673702 -0.055912 
-0.055912 0.367967 0.0701967 -0.217 -0.200205 0.0895587 0.0422965 -0.324717 -0.0199632 -0.108898 -0.12467 -0.055912 
-0.055912 0.283018 0.0449782 -0.287721 -0.0939888 0.0728302 -0.0339016 -0.161722 0.0238525 -0.176153 -0.151221 -0.055912 
-0.055912 0.29496 -0.0264476 -0.296811 -0.116419 -0.107092 -0.0230112 -0.17156 0.0062209 -0.228898 -0.148538 -0.055912 
-0.055912 0.214612 0.151063 -0.301633 -0.0792421 -0.0754094 -0.0514607 -0.148225 -0.0707271 -0.31097 -0.145697 -0.055912 
-0.055912 -0.064918 -0.0515164 -0.195738 -0.112611 -0.0159444 -0.164949 -0.0863914 -0.0620243 -0.289658 -0.0570415 -0.055912 
-0.055912 -0.055912 -0.0771724 -0.187975 0.00401149 0.130564 -0.09081 0.00551615 -0.102195 -0.262087 -0.055912 -0.055912 
-0.055912 -0.055912 -0.055912 -0.055912 0.267569 0.271439 -0.280297 -0.0574525 -0.16301 -0.188148 -0.055912 -0.055912 
-0.055912 -0.055912 -0.055912 -0.055912 0.208459 0.234842 -0.266343 -0.0752273 -0.353411 -0.188776 -0.055912 -0.055912 
-0.055912 -0.055912 -0.055912 -0.055912 -0.0160952 0.0124421 -0.267891 -0.270379 -0.296694 -0.130042 -0.055912 -0.055912 
-0.055912 0.129525 0.240458 0.130956 0.150569 -0.0129229 -0.0630888 -0.0545357 -0.0956356 -0.0581973 -0.055912 -0.055912 
---------------------
Depth = 4
-0.05465 0.151935 0.25052 0.270463 0.38401 0.19621 0.3625 0.497004 0.331542 0.130732 0.0287812 -0.05465 
-0.05465 0.292158 0.335258 0.312055 0.184562 0.478122 0.431868 0.545889 0.28403 0.178428 0.0357606 -0.05465 
-0.05465 0.33438 0.484698 0.335919 -0.0871991 0.131007 -0.095338 0.0639386 0.111355 0.235881 0.100098 -0.05465 
-0.05465 0.087816 0.315837 0.26858 0.226431 0.332229 0.122187 0.123375 0.132163 0.274613 0.100564 -0.05465 
-0.05465 -0.0232915 0.298052 0.0922242 0.089191 0.0869595 0.0644609 0.0678828 0.171849 0.260315 0.0822696 -0.05465 
-0.05465 -0.103597 0.542581 0.428726 0.0489824 -0.00400656 0.156947 0.189678 0.0969673 0.043401 -0.0536636 -0.05465 
-0.05465 -0.321355 -0.0255051 0.407694 0.47121 0.478083 0.232386 0.0957876 0.0259977 0.183912 -0.0498632 -0.05465 
-0.05465 -0.05465 -0.311618 -0.311528 0.123022 0.228174 0.297664 0.271064 0.116383 0.176403 -0.0453434 -0.05465 
-0.05465 -0.05465 -0.05465 -0.05465 0.0266366 0.184533 0.31696 0.0927804 0.106608 0.141989 -0.05465 -0.05465 
-0.05465 -0.05465 -0.05465 -0.05465 -0.05465 0.115756 0.326268 0.185501 0.17688 0.0335072 -0.05465 -0.05465 
-0.05465 -0.05465 -0.05465 -0.05465 -0.05465 -0.186925 0.209673 0.0477329 0.0501636 -0.0561105 -0.05465 -0.05465 
-0.05465 0.140638 0.170772 0.127835 0.201282 -0.197303 -0.16585 -0.144882 0.169462 -0.0238203 -0.05465 -0.05465 
---------------------
Depth = 5
0.20784 0.20784 0.187026 0.076626 0.159748 0.257309 0.249942 0.0708552 0.260031 0.206048 0.263512 0.20784 
0.20784 0.20784 -0.205825 0.255783 0.157521 0.300482 -0.132678 0.281253 0.296185 0.214565 0.327866 0.20784 
0.20784 0.140679 -0.388706 0.346481 0.198994 0.169488 -0.233307 0.363601 0.262532 0.154849 0.375861 0.20784 
0.20784 -0.161477 -0.0515085 0.390747 0.157311 0.138696 -0.0654946 0.251294 0.0958082 0.11757 0.473033 0.20784 
0.20784 -0.234459 -0.0608286 0.389457 0.115735 0.041196 0.0424783 0.06762 0.0456089 0.19068 0.575204 0.20784 
0.20784 -0.222727 -0.0720022 0.197343 0.193479 0.0539454 -0.00992207 0.0978385 -0.00150624 0.348279 0.577686 0.20784 
0.20784 0.040044 -0.115044 0.0862931 0.12479 -0.00364459 -0.0350833 0.0996733 0.02757 0.476885 0.441044 0.20784 
0.20784 0.20784 0.105233 0.124544 0.114658 -0.146295 0.185313 0.12287 0.0823361 0.53102 0.345987 0.20784 
0.20784 0.20784 0.20784 0.20784 0.20784 -0.346267 0.236271 0.100724 0.275982 0.515933 0.27868 0.20784 
0.20784 0.20784 0.20784 0.20784 0.20784 -0.383285 0.247071 0.0272366 0.386064 0.570955 0.230094 0.20784 
0.20784 0.20784 0.20784 0.20784 0.20784 -0.181552 0.114609 0.0891655 0.421808 0.459088 0.20784 0.20784 
0.20784 0.20784 0.20784 0.20784 0.20784 0.0394868 0.1812 0.136786 0.375225 0.304539 0.286818 0.20784 
---------------------
Depth = 6
-0.234476 -0.210728 -0.0482114 -0.0753812 -0.0647762 -0.118336 -0.0208998 0.0419255 -0.0171122 -0.144611 -0.201067 -0.234476 
-0.234476 -0.175465 -0.00836091 0.0292288 -0.154314 -0.100497 0.0807178 0.0752634 -0.114068 -0.122582 -0.196232 -0.234476 
-0.234476 -0.0997497 0.174788 0.0893021 -0.124102 -0.172852 -0.0342051 -0.0123191 -0.149881 -0.120667 -0.188957 -0.234476 
-0.234476 -0.0964988 -0.00202562 -0.188474 -0.170505 -0.0364411 0.0810256 -0.0084594 -0.0803929 -0.0736007 -0.163595 -0.234476 
-0.234476 -0.103448 0.0494435 -0.105552 -0.13499 -0.0885535 -0.111023 -0.112559 -0.10663 -0.0746633 -0.152128 -0.234476 
-0.234476 -0.0636313 0.0664009 -0.0791252 -0.109804 -0.153508 -0.100218 -0.0452576 -0.123782 -0.123125 -0.244651 -0.234476 
-0.234476 -0.131573 -0.142852 -0.155635 -0.0893122 0.0200657 0.00345393 -0.0299409 -0.0484391 -0.14097 -0.234577 -0.234476 
-0.234476 -0.187036 -0.176447 -0.215517 -0.165742 -0.0480562 -0.03774 -0.104379 -0.0536352 -0.12146 -0.234476 -0.234476 
-0.234476 -0.234476 -0.19016 -0.161354 -0.18944 -0.00231773 0.0246482 -0.0879129 -0.0727546 -0.207889 -0.234476 -0.234476 
-0.234476 -0.234476 -0.234476 -0.234476 -0.166805 -0.0437558 0.0541343 0.0270936 -0.00664628 -0.178388 -0.234476 -0.234476 
-0.234476 -0.234476 -0.234476 -0.234476 -0.195321 -0.169786 -0.0475623 -0.219413 -0.258968 -0.270523 -0.234476 -0.234476 
-0.234476 -0.212026 -0.114226 -0.0433798 -0.0641199 0.0306205 -0.0145767 -0.0939332 -0.0468539 -0.0494664 -0.165414 -0.234476 
---------------------
Depth = 7
-0.028496 0.11393 0.235719 0.207781 0.14559 0.192144 0.343561 0.344051 0.093584 0.118806 0.00114668 -0.028496 
-0.028496 0.143449 0.210886 0.0108586 0.0686959 0.141124 0.238215 0.153512 0.0918245 0.0913715 0.0251526 -0.028496 
-0.028496 0.183598 0.193858 0.0874595 -0.00950079 -0.00983388 -0.162113 -0.0414617 -0.0484625 0.0879403 0.0174341 -0.028496 
-0.028496 -0.125731 -0.114917 0.0569886 0.0785021 0.258768 0.0156091 -0.0311748 0.00314633 0.00671946 -0.00121216 -0.028496 
-0.028496 -0.0597036 0.108593 0.0828625 -0.102969 -0.102885 0.0707631 0.0497861 -0.0174705 -0.00901271 0.0229335 -0.028496 
-0.028496 -0.155507 0.125287 0.21173 -0.0348467 0.00923139 -0.0533251 0.0424339 0.0253492 -0.169458 -0.00485139 -0.028496 
-0.028496 0.0323358 -0.560645 0.27644 0.277304 0.0975558 0.127183 -0.0591133 0.0484442 0.0186103 -0.0295757 -0.028496 
-0.028496 -0.00807074 -0.00605552 -0.372761 -0.0891458 0.145887 0.109854 0.0765525 0.0394398 -0.00815991 -0.0135809 -0.028496 
-0.028496 -0.028496 -0.00229838 -0.000485858 -0.028496 -0.0122971 0.0299137 0.00238547 -0.088151 -0.022719 -0.028496 -0.028496 
-0.028496 -0.028496 -0.028496 -0.028496 -0.028496 -0.184268 0.041749 0.0525027 -0.0940088 -0.00209686 -0.028496 -0.028496 
-0.028496 -0.028496 -0.028496 -0.028496 -0.028496 -0.349033 -0.207341 -0.330372 -0.138843 0.0317596 -0.028496 -0.028496 
-0.028496 0.106141 0.419158 0.229006 0.476407 0.406845 0.156168 0.245239 0.250889 0.103781 -0.028496 -0.028496 
---------------------
Depth = 8
-0.212321 -0.196081 -0.122061 0.175544 0.21095 -0.0135966 0.00534527 0.259747 0.212285 -0.0179433 -0.116422 -0.212321 
-0.212321 -0.164456 0.378928 0.4376 0.197494 0.0987336 0.348861 0.652657 0.207192 0.0925816 -0.0760897 -0.212321 
-0.212321 0.109299 0.663108 0.58353 0.217224 0.0756963 0.594939 0.418629 -0.00455481 0.20026 -0.07074 -0.212321 
-0.212321 0.336911 0.650492 0.434835 0.152757 0.105393 0.45489 0.213847 0.140462 0.37626 -0.0609764 -0.212321 
-0.212321 0.365969 0.579396 0.282289 0.121065 0.219424 0.401238 0.13097 0.199407 0.322596 -0.050857 -0.212321 
-0.212321 0.305807 0.603857 0.328586 0.183836 0.0995115 0.165128 0.268864 0.304491 0.310862 -0.201083 -0.212321 
-0.212321 0.0233321 0.332057 0.298541 0.231397 0.328794 0.362399 0.338649 0.369558 0.177216 -0.195158 -0.212321 
-0.212321 -0.181336 0.00905697 -0.0640558 0.0196581 0.33855 0.431717 0.240107 0.392252 0.188143 -0.17727 -0.212321 
-0.212321 -0.212321 -0.17258 -0.00661089 -0.118469 0.561283 0.477917 0.252544 0.399343 0.0935647 -0.212321 -0.212321 
-0.212321 -0.212321 -0.212321 -0.212321 -0.212321 0.63722 0.428276 0.373091 0.505015 -0.0581984 -0.212321 -0.212321 
-0.212321 -0.212321 -0.212321 -0.212321 -0.212321 0.501276 0.30933 0.419999 0.34681 -0.269863 -0.212321 -0.212321 
-0.212321 -0.196969 -0.11302 0.0278316 -0.00745642 0.121419 0.130527 0.0624303 -0.0647004 -0.108109 -0.130394 -0.212321 
---------------------
Depth = 9
-0.084647 -0.0626079 0.0990918 0.0544381 0.119654 0.147798 0.111028 0.13226 0.213823 0.0158013 0.017847 -0.084647 
-0.084647 0.0768344 0.140821 0.203046 0.10591 0.213483 0.280409 0.176496 0.265625 0.081522 0.0808509 -0.084647 
-0.084647 0.212401 0.207335 0.390555 0.191737 0.22941 0.26994 0.27016 0.132985 0.109404 0.155696 -0.084647 
-0.084647 0.28514 0.0599477 0.390611 0.187496 0.302824 0.210958 0.214421 0.187568 0.166701 0.199132 -0.084647 
-0.084647 0.329942 0.217929 0.393178 0.112783 0.164895 0.140582 0.194098 0.190985 0.14955 0.195097 -0.084647 
-0.084647 0.17901 0.2217 0.462236 0.23136 0.0779851 0.122572 0.137752 0.238329 0.000292279 0.133201 -0.084647 
-0.084647 0.0914396 -0.0996739 0.318292 0.407863 0.242851 0.294776 0.147543 0.24209 0.198083 0.0546992 -0.084647 
-0.084647 -0.0182953 0.0471466 -0.100506 0.11546 0.200169 0.23425 0.240545 0.174953 0.146425 0.0305028 -0.084647 
-0.084647 -0.084647 -0.034805 0.0458048 0.00064899 0.242585 0.374691 0.313411 0.0876759 0.126928 -0.0309453 -0.084647 
-0.084647 -0.084647 -0.084647 -0.084647 0.0235717 0.260118 0.465729 0.410418 0.161857 0.195121 -0.084647 -0.084647 
-0.084647 -0.084647 -0.084647 -0.084647 -0.0224099 0.153621 0.244504 0.249127 0.0825588 0.106395 -0.084647 -0.084647 
-0.084647 -0.0638132 0.128648 0.0703571 0.109164 0.288925 0.0259104 0.162504 0.104212 -0.00103017 -0.084647 -0.084647 
---------------------
Depth = 10
-0.050336 -0.050336 0.0878176 0.17789 0.266783 0.178893 -0.00762803 0.209285 0.254861 0.0758608 0.0500435 -0.050336 
-0.050336 -0.00201092 0.226676 0.294685 0.200761 0.257626 0.339786 0.505663 0.509083 0.116481 0.0695066 -0.050336 
-0.050336 0.150217 0.33933 0.37518 0.038536 0.221075 0.175086 0.313628 0.0687587 0.0923781 0.164642 -0.050336 
-0.050336 0.19994 0.516027 0.375276 0.0909677 0.285014 0.197376 0.242151 0.103393 0.0934426 0.105834 -0.050336 
-0.050336 0.0378351 0.179863 0.0129488 0.050179 0.228885 0.237687 0.0937599 0.103903 0.203255 0.125312 -0.050336 
-0.050336 0.187939 0.290801 0.412617 0.1811 0.00230137 0.167023 0.145861 0.2071 0.027994 0.0171675 -0.050336 
-0.050336 -0.0683547 0.0725976 0.253519 0.304178 0.279369 0.195462 0.0680266 0.0560847 0.0963198 -0.0483089 -0.050336 
-0.050336 -0.050336 -0.143969 -0.00533917 0.381863 0.383157 0.414083 0.20087 0.174161 0.136243 -0.050336 -0.050336 
-0.050336 -0.050336 -0.050336 -0.050336 0.0694198 0.135305 0.381614 0.12764 0.204546 0.0947098 -0.050336 -0.050336 
-0.050336 -0.050336 -0.050336 -0.050336 0.0400234 0.0996406 0.282887 0.174689 0.176835 0.0712243 -0.050336 -0.050336 
-0.050336 -0.050336 -0.050336 -0.050336 0.00558357 0.0745509 0.277223 0.387121 0.251712 0.0590508 -0.050336 -0.050336 
-0.050336 -0.050336 -0.050336 0.0319824 -0.050336 -0.156573 -0.314867 -0.358605 -0.222258 -0.0302585 -0.050336 -0.050336 
---------------------
Depth = 11
-0.180729 -0.180729 -0.0708058 0.227688 0.0781117 -0.0277155 -0.185303 0.227174 0.0792963 -0.0737586 -0.107618 -0.180729 
-0.180729 -0.15881 0.465954 0.349023 -0.050778 -0.00872464 0.396755 0.505859 -0.0342785 -0.0325625 -0.129731 -0.180729 
-0.180729 0.0677644 0.555433 0.0775416 0.0340828 -0.0806449 0.475505 -0.0237349 -0.0820982 0.0201079 -0.141628 -0.180729 
-0.180729 0.161261 0.496294 -0.0814024 -0.104249 0.130381 0.335916 -0.0879376 0.0715711 0.0352267 -0.213256 -0.180729 
-0.180729 0.12593 0.248359 -0.0380853 0.000634879 0.106332 0.16933 0.0772868 0.0667886 0.0647131 -0.257141 -0.180729 
-0.180729 0.253837 0.161899 0.101227 -0.00433022 -0.037461 0.0853645 0.0864769 0.107535 0.0825031 -0.278097 -0.180729 
-0.180729 0.142272 0.108849 -0.268226 0.0444042 0.0647829 0.197948 -0.00562835 0.00801305 -0.00387092 -0.18197 -0.180729 
-0.180729 -0.0228932 0.0876151 -0.0630802 -0.0756522 0.0273294 0.160452 0.00594541 0.13093 -0.0436323 -0.180729 -0.180729 
-0.180729 -0.180729 -0.128253 -0.0525724 0.0477356 0.314867 0.17334 0.0492572 0.103045 -0.183835 -0.180729 -0.180729 
-0.180729 -0.180729 -0.180729 -0.180729 0.123347 0.259793 0.084514 0.239602 0.157541 -0.293576 -0.180729 -0.180729 
-0.180729 -0.180729 -0.180729 -0.180729 0.104586 0.254301 -0.0777659 0.251835 -0.0291049 -0.260421 -0.180729 -0.180729 
-0.180729 -0.180729 -0.180729 0.125796 -0.0756872 0.138331 -0.146932 -0.276303 -0.034608 -0.0267942 -0.180729 -0.180729 
---------------------
Depth = 12
-0.034279 -0.034279 -0.101144 0.0423655 0.161977 0.339721 -0.034294 0.315939 0.244107 0.139841 0.128945 -0.034279 
-0.034279 -0.034279 -0.119385 0.509725 0.285515 0.410751 -0.402362 0.717618 0.477064 0.3234 0.345656 -0.034279 
-0.034279 -0.255017 0.518793 0.947896 0.324431 0.421079 0.0546245 0.796998 0.42269 0.385288 0.504366 -0.034279 
-0.034279 -0.695534 0.866362 0.884158 0.266266 0.131446 0.280245 0.574735 0.203941 0.55666 0.66546 -0.034279 
-0.034279 -0.697569 0.8495 0.850389 0.193731 0.158724 0.292054 0.283463 0.0834428 0.687284 0.648693 -0.034279 
-0.034279 -0.559381 0.575943 0.800316 0.407571 0.126338 0.0402199 0.360853 0.142448 0.709835 0.526353 -0.034279 
-0.034279 -0.118939 0.0827534 0.579286 0.47489 0.100502 0.35378 0.392362 0.343052 0.687248 0.230937 -0.034279 
-0.034279 -0.034279 -0.0537296 0.226789 0.186848 -0.0536663 0.616995 0.239297 0.588855 0.736923 0.128811 -0.034279 
-0.034279 -0.034279 -0.034279 0.0393527 0.15146 -0.129497 0.749146 0.219465 0.748959 0.723251 0.0703275 -0.034279 
-0.034279 -0.034279 -0.034279 -0.034279 -0.034279 -0.25808 0.762865 0.163825 0.817078 0.709604 -0.0043276 -0.034279 
-0.034279 -0.034279 -0.034279 -0.034279 -0.034279 -0.140828 0.466182 0.302788 0.673403 0.41869 -0.034279 -0.034279 
-0.034279 -0.034279 -0.034279 0.21097 -0.034279 0.220883 0.264613 0.363342 0.434022 0.117499 0.0179684 -0.034279 
---------------------
Depth = 13
-0.139066 -0.105141 -0.150398 -0.151599 -0.092945 0.0175662 -0.0905636 -0.102562 -0.0225125 -0.0737603 -0.0985688 -0.139066 
-0.139066 -0.110972 -0.175316 0.0822833 0.0665701 0.124817 -0.105367 0.226979 0.27223 -0.00833052 0.0346007 -0.139066 
-0.139066 -0.2068 -0.0252483 0.319597 0.173228 0.0844319 -0.0510325 0.370405 0.28255 0.0303507 0.126746 -0.139066 
-0.139066 -0.0979028 0.196218 0.529417 0.0675464 0.0999687 0.011293 0.313993 0.0803497 0.0764062 0.194697 -0.139066 
-0.139066 -0.093471 0.216978 0.473375 0.101814 0.0775304 0.0703582 0.160447 0.0485108 0.126255 0.260439 -0.139066 
-0.139066 -0.0511375 0.147068 0.464544 0.164778 0.0577801 0.0133019 0.162274 0.149582 0.213671 0.243779 -0.139066 
-0.139066 0.0662085 0.0369507 0.40947 0.323695 0.0273717 0.171464 0.118165 0.177364 0.198725 0.151287 -0.139066 
-0.139066 -0.0465605 0.00310634 0.0853668 0.153603 0.0163394 0.237937 0.159011 0.0725398 0.208906 0.0481396 -0.139066 
-0.139066 -0.139066 -0.0920185 0.00467139 0.0427257 -0.0716577 0.353987 0.250663 0.189228 0.301115 -0.00138699 -0.139066 
-0.139066 -0.139066 -0.139066 -0.139066 -0.109396 -0.212572 0.465659 0.209875 0.219065 0.289068 -0.0852534 -0.139066 
-0.139066 -0.139066 -0.139066 -0.139066 -0.029241 -0.0785353 0.448918 0.302025 0.288328 0.189544 -0.139066 -0.139066 
-0.139066 -0.106996 -0.139066 -0.0824887 -0.0672615 0.00708494 0.235193 0.281536 0.182793 0.0392318 -0.138025 -0.139066 
---------------------
Depth = 14
-0.112876 -0.112876 -0.0334697 0.0575029 0.135993 0.125578 0.0335476 0.0670875 0.0565516 -0.00381673 -0.0737986 -0.112876 
-0.112876 -0.0451862 0.147193 0.190408 0.204123 0.199808 0.354851 0.373281 0.341411 0.114553 0.0118518 -0.112876 
-0.112876 0.076481 0.172956 0.459881 0.222135 0.157207 0.253509 0.434869 0.375544 0.166916 0.107844 -0.112876 
-0.112876 0.0522693 0.269259 0.592828 0.175483 0.163789 0.0819148 0.328516 0.186767 0.194362 0.188108 -0.112876 
-0.112876 -0.0947129 0.142855 0.512745 0.147711 0.19716 0.197033 0.286582 0.248453 0.219848 0.190129 -0.112876 
-0.112876 0.0290384 0.233954 0.608252 0.185802 0.0717506 0.259529 0.233625 0.229575 0.135254 0.199497 -0.112876 
-0.112876 -0.0203358 0.350954 0.572972 0.447651 0.187025 0.215966 0.258729 0.305061 0.138739 0.188448 -0.112876 
-0.112876 -0.0889507 -0.161216 0.196332 0.271876 0.359676 0.342281 0.310395 0.246392 0.241831 0.121636 -0.112876 
-0.112876 -0.112876 -0.112876 -0.112876 -0.101835 0.228937 0.42252 0.34716 0.284736 0.217432 0.0454396 -0.112876 
-0.112876 -0.112876 -0.112876 -0.112876 -0.0556504 0.236647 0.533305 0.486183 0.241535 0.183116 -0.0618154 -0.112876 
-0.112876 -0.112876 -0.112876 -0.112876 -0.0751253 0.162145 0.542039 0.48508 0.307051 0.174457 -0.112876 -0.112876 
-0.112876 -0.112876 -0.101677 -0.0832515 -0.106222 -0.127887 0.199383 0.183682 0.0774297 0.0219949 -0.112876 -0.112876 
---------------------
Depth = 15
-0.047726 -0.047726 -0.0497435 -0.0726903 -0.0433812 0.035113 -0.0860941 -0.0319135 -0.00699134 -0.0126244 0.00484335 -0.047726 
-0.047726 -0.0125476 -0.115756 0.123981 -0.00699037 -0.0140868 -0.165404 0.0749544 0.0398043 -0.0463033 -0.00704585 -0.047726 
-0.047726 -0.0327796 0.0724246 -0.0783498 -0.055235 -0.0349928 0.0419666 0.0506082 -0.110805 -0.070233 -0.0266594 -0.047726 
-0.047726 0.0959962 -0.0378735 -0.0885842 -0.0716522 -0.0631701 0.0455904 -0.0428886 -0.0562109 -0.0382674 -0.079413 -0.047726 
-0.047726 0.0914725 -0.0913209 -0.11968 -0.0854421 -0.0294319 0.0126618 -0.0653854 -0.0544573 -0.0305692 -0.0581429 -0.047726 
-0.047726 0.114294 -0.183556 -0.0439552 -0.00629796 -0.0432474 -0.084712 -0.0810346 0.0069801 -0.0348286 -0.123932 -0.047726 
-0.047726 0.133779 0.0565346 -0.2 -0.0641478 -0.116048 0.0324328 -0.0429834 -0.178772 0.0106061 -0.0485316 -0.047726 
-0.047726 0.048898 0.109687 0.0382236 -0.0744129 -0.0963212 -0.0244228 -0.0477596 -0.021019 -0.0223051 -0.047726 -0.047726 
-0.047726 -0.047726 -0.002563 0.078661 0.0215255 -0.194655 -0.0764919 -0.131799 -0.100869 -0.0503707 -0.047726 -0.047726 
-0.047726 -0.047726 -0.047726 -0.047726 0.0837758 -0.0475428 -0.15047 -0.110277 -0.0451735 -0.113676 -0.047726 -0.047726 
-0.047726 -0.047726 -0.047726 -0.047726 0.0691107 0.0785387 -0.152066 0.00473562 -0.0338892 -0.0995933 -0.047726 -0.047726 
-0.047726 -0.047726 -0.047726 0.0375306 0.0247741 0.115294 -0.0246981 -0.0669257 -0.0966078 -0.00070088 -0.047726 -0.047726 
---------------------
Depth = 16
-0.071488 -0.071488 -0.0942351 -0.0804191 0.0267874 -0.0167002 -0.121252 -0.118656 -0.0244476 -0.0242744 -0.0534538 -0.071488 
-0.071488 -0.071488 0.0098739 0.0476703 0.00441059 0.0477669 0.035298 0.222323 0.0873394 -0.0171308 -0.0272567 -0.071488 
-0.071488 -0.127754 0.0553215 -0.0620054 0.000964224 0.0195593 0.165232 0.0475472 -0.137272 -0.0131721 -0.0218396 -0.071488 
-0.071488 -0.0873358 0.147893 0.0547235 -0.0277435 -0.106685 0.102231 -0.0806857 -0.110746 -0.00852271 -0.0552537 -0.071488 
-0.071488 -0.104461 -0.0659948 -0.183068 -0.0990979 -0.0594553 0.162346 -0.0134211 -0.0737084 0.0447015 -0.00325887 -0.071488 
-0.071488 -0.0522376 0.0476251 0.00763351 -0.0575503 -0.0960246 -0.111658 0.0152788 -0.0578661 0.00204127 -0.0873338 -0.071488 
-0.071488 -0.0438954 -0.0339876 0.0392139 0.107072 -0.0382243 -0.0792044 -0.0791762 0.00361113 -0.054658 -0.0696036 -0.071488 
-0.071488 -0.071488 -0.0689833 -0.211569 0.0794173 0.137033 0.0526251 -0.0478109 -0.00603968 -0.0456729 -0.0430019 -0.071488 
-0.071488 -0.071488 -0.071488 -0.071488 -0.071488 0.0143488 -0.0521512 -0.138454 0.023902 -0.0324604 -0.0681419 -0.071488 
-0.071488 -0.071488 -0.071488 -0.071488 -0.071488 0.0146669 -0.115225 -0.0918995 0.0356518 -0.0738454 -0.071488 -0.071488 
-0.071488 -0.071488 -0.071488 -0.071488 -0.071488 0.0918399 0.0180191 0.115458 0.134689 -0.0305505 -0.071488 -0.071488 
-0.071488 -0.071488 -0.071488 -0.071488 -0.071488 -0.0873844 -0.175003 -0.109724 -0.28769 -0.0939489 -0.071488 -0.071488 
---------------------
Depth = 17
-0.071127 -0.071127 0.0854821 0.0987935 0.134971 -0.0122992 0.141938 0.0352633 0.158622 -0.00927397 -0.0387662 -0.071127 
-0.071127 0.195656 0.117066 0.0886459 -0.0144778 0.151563 0.264885 0.194998 0.0168156 -0.0271904 -0.0515796 -0.071127 
-0.071127 0.176808 0.165109 -0.0142923 -0.0919636 0.0476355 0.0717323 -0.139123 -0.0441709 -0.0699507 -0.0632095 -0.071127 
-0.071127 0.266074 0.151745 -0.143602 -0.0961693 0.0779645 0.0730543 -0.0462766 -0.00431322 -0.0571551 -0.12692 -0.071127 
-0.071127 0.088539 -0.0330508 -0.165475 -0.0476208 0.0516771 -0.0224214 -0.102831 0.0534717 -0.082451 -0.103923 -0.071127 
-0.071127 0.138037 0.113801 -0.0984053 -0.0519157 -0.0671736 -0.00859356 -0.0115554 0.0178414 -0.18174 -0.165427 -0.071127 
-0.071127 0.00476695 -0.0306724 -0.173136 -0.0593384 0.0860773 -0.00163513 -0.0466868 -0.0171158 -0.132928 -0.0718502 -0.071127 
-0.071127 -0.071127 -0.15318 -0.118661 0.0414578 0.147248 -0.0563788 -0.0146499 -0.0045412 -0.118141 -0.071127 -0.071127 
-0.071127 -0.071127 -0.071127 -0.071127 0.113508 0.167388 -0.114596 0.0210384 -0.0847554 -0.11794 -0.071127 -0.071127 
-0.071127 -0.071127 -0.071127 -0.071127 0.0967974 0.109378 -0.102081 -0.00598219 -0.158965 -0.132486 -0.071127 -0.071127 
-0.071127 -0.071127 -0.071127 -0.071127 -0.00551694 0.0845781 -0.103731 -0.0454535 -0.098129 -0.149752 -0.071127 -0.071127 
-0.071127 -0.071127 -0.00345228 -0.071127 0.0158707 -0.136602 -0.244629 -0.17934 -0.0993342 -0.057314 -0.0428587 -0.071127 
---------------------
Depth = 18
-0.272847 -0.244529 -0.263487 -0.360161 -0.461795 -0.307588 -0.268065 -0.347257 -0.342716 -0.337209 -0.268126 -0.272847 
-0.272847 -0.249396 -0.385278 -0.385209 -0.337308 -0.337083 -0.50971 -0.565443 -0.309921 -0.349325 -0.279057 -0.272847 
-0.272847 -0.260597 -0.546044 -0.277008 -0.275659 -0.217213 -0.194718 -0.19715 -0.327698 -0.355384 -0.318582 -0.272847 
-0.272847 -0.358134 -0.360947 -0.361197 -0.289827 -0.350546 -0.33398 -0.309356 -0.383646 -0.325316 -0.268245 -0.272847 
-0.272847 -0.315353 -0.309895 -0.313066 -0.343238 -0.274293 -0.248867 -0.261589 -0.332816 -0.356372 -0.28156 -0.272847 
-0.272847 -0.32389 -0.286029 -0.511226 -0.296423 -0.294119 -0.329063 -0.344447 -0.417167 -0.24791 -0.18691 -0.272847 
-0.272847 -0.173562 -0.0685646 -0.203498 -0.414868 -0.316156 -0.42626 -0.267985 -0.330092 -0.2846 -0.273349 -0.272847 
-0.272847 -0.256744 -0.145987 -0.117225 -0.162083 -0.261036 -0.446769 -0.414308 -0.400985 -0.277736 -0.272847 -0.272847 
-0.272847 -0.272847 -0.252194 -0.0670071 0.00225705 -0.34957 -0.430851 -0.412165 -0.276779 -0.261264 -0.265981 -0.272847 
-0.272847 -0.272847 -0.272847 -0.272847 -0.272847 -0.355893 -0.424551 -0.458736 -0.274325 -0.254984 -0.272847 -0.272847 
-0.272847 -0.272847 -0.272847 -0.272847 -0.272847 -0.189583 -0.0913021 -0.18926 -0.0680943 -0.161737 -0.272847 -0.272847 
-0.272847 -0.246078 -0.272847 -0.149309 -0.264495 -0.0633324 0.0506912 0.0429727 0.00242326 -0.251579 -0.21048 -0.272847 
---------------------
Depth = 19
-0.232937 -0.232937 -0.317817 -0.422491 -0.433909 -0.258114 -0.334299 -0.413388 -0.407488 -0.264712 -0.247792 -0.232937 
-0.232937 -0.232937 -0.317979 -0.145355 -0.148873 -0.226019 -0.371206 -0.0738799 -0.243478 -0.242547 -0.221016 -0.232937 
-0.232937 -0.493138 -0.0865227 -0.116031 0.0147928 0.0732156 0.262545 0.185905 -0.118122 -0.24222 -0.209872 -0.232937 
-0.232937 0.0393582 0.303332 -0.098192 -0.214181 -0.16448 0.177916 0.10404 -0.167766 -0.163481 -0.132466 -0.232937 
-0.232937 0.0278042 0.312038 -0.0225912 -0.13229 0.170565 0.0113549 -0.119416 -0.183032 -0.0530551 -0.225167 -0.232937 
-0.232937 0.138104 -0.128764 -0.222058 -0.143249 -0.0131137 -0.11727 -0.0951607 0.00926407 0.103929 -0.162241 -0.232937 
-0.232937 0.427311 0.567487 0.114794 -0.24117 -0.28854 0.0197014 0.00322072 -0.109 -0.0140627 -0.219279 -0.232937 
-0.232937 0.0185466 0.494976 0.533223 0.5475 -0.113837 -0.077204 -0.282628 -0.0983215 -0.0855438 -0.232937 -0.232937 
-0.232937 -0.232937 -0.124767 0.236932 0.332828 -0.0989476 0.0213877 -0.0937655 0.0146174 -0.104371 -0.232937 -0.232937 
-0.232937 -0.232937 -0.232937 -0.232937 -0.00786608 -0.00386111 0.0885193 -0.16282 0.0109213 -0.132128 -0.222742 -0.232937 
-0.232937 -0.232937 -0.232937 -0.232937 0.100648 0.449491 0.425295 0.393531 0.270159 -0.161061 -0.232937 -0.232937 
-0.232937 -0.232937 -0.232937 -0.232937 -0.0501342 0.467596 0.626272 0.541682 0.214942 -0.158778 -0.232937 -0.232937 
