---------------------
Depth = 0
0.85243 -0.941769 -0.44681 -1.76532 
1.28041 0.894627 0.374945 0.394021 
-0.399594 -0.374971 -1.86652 0.127335 
1.23724 1.52131 1.2498 -0.597962 
---------------------
Depth = 1
1.75138 2.05106 1.90719 0.875582 
-0.391057 0.250569 -0.245144 -0.328618 
0.651718 -0.923427 -0.791658 0.436458 
0.586129 0.601608 0.927154 0.490364 
---------------------
Depth = 2
-0.0526624 0.0936998 1.25031 0.478775 
0.199727 0.142397 -0.108828 0.244435 
-1.00687 -1.37713 -0.239214 0.888853 
1.64008 1.15784 0.694109 0.167536 
---------------------
Depth = 3
0.29112 -0.652975 -1.27908 -0.239524 
0.750934 2.46419 0.786376 -0.363661 
1.35012 2.44667 1.50745 0.982425 
0.0280188 -1.13632 -2.43431 -1.04166 
---------------------
Depth = 4
3.08105 3.52638 2.47317 0.862267 
1.34646 -0.869504 -0.52141 -0.625883 
-0.207004 0.068384 -0.946883 0.0895572 
3.02478 4.1215 4.06625 1.53037 
---------------------
Depth = 5
1.31524 -0.405201 -0.0357422 0.156974 
0.454206 0.503733 -0.891593 -0.667879 
3.0575 5.32617 4.01587 1.52035 
-0.581248 -0.255945 -1.34939 -0.284844 
---------------------
Depth = 6
1.52899 -1.64867 -1.10445 -0.184056 
1.65328 0.914989 -2.19104 1.13117 
2.44299 -2.83982 -1.18012 1.45349 
-2.87209 -2.04954 -1.96327 -0.0264714 
---------------------
Depth = 7
0.253741 1.15249 1.68974 -0.375967 
0.90018 0.809651 0.536223 -0.15591 
0.38871 -0.691781 -0.429121 0.476205 
0.510712 0.626792 1.28121 -0.68657 
---------------------
Depth = 8
0.0371034 2.62434 0.669497 -0.0826395 
0.669658 0.147204 -0.506778 -0.536973 
0.117437 0.537731 -2.23341 -0.686371 
2.87378 1.81658 1.39402 0.255875 
---------------------
Depth = 9
1.63917 1.55273 0.320712 -1.38927 
-0.0273449 -0.416341 -0.25627 -0.815364 
-1.41749 -3.34885 -2.7427 -1.45664 
3.61617 4.69515 3.23428 0.349597 
---------------------
Depth = 10
1.46423 1.52487 1.1558 0.588165 
0.203612 -1.21683 0.578239 0.0271631 
-1.80362 -1.46661 -2.47206 -0.204289 
4.58376 3.70299 2.01727 1.44851 
---------------------
Depth = 11
-0.207059 4.39266 1.66574 -1.50334 
5.64901 3.16155 -0.205203 0.00829754 
0.427292 3.43981 3.88282 0.817055 
2.86035 1.10547 1.48033 0.772065 
---------------------
Depth = 12
0.0141336 -1.58202 -1.31184 -0.716572 
0.62483 1.57555 -0.587149 0.43917 
2.06985 0.334564 1.04156 0.788582 
-1.43533 -0.581378 -0.777501 -0.297947 
---------------------
Depth = 13
3.60211 2.04065 0.969825 0.208393 
-2.22028 2.05352 -0.580023 -0.151868 
3.43609 1.87443 0.130973 0.373894 
2.10759 0.494066 1.03466 -0.253391 
---------------------
Depth = 14
-0.111985 0.352607 4.32013 -0.0367984 
-0.119756 -0.828059 -1.17682 -1.16361 
0.947626 0.835711 1.61264 -0.465539 
-2.18391 -1.88815 1.3815 0.291125 
---------------------
Depth = 15
0.542288 -0.620076 4.65924 2.11379 
-0.113001 -0.0416997 3.35356 0.399195 
-0.817644 -0.298182 0.205182 -0.546656 
0.656416 -0.140374 1.41217 0.700436 
---------------------
Depth = 16
2.02248 0.953085 -0.558999 -0.589933 
0.506357 0.45022 0.470011 -0.157475 
1.54791 1.40625 0.198131 0.291947 
1.32199 1.83334 1.22944 -0.117111 
---------------------
Depth = 17
3.0364 0.0107628 2.00936 0.824154 
-1.15963 -0.700383 -1.70528 -1.02129 
5.51327 5.79879 5.31475 -0.285904 
3.02499 3.34047 3.63704 2.17124 
---------------------
Depth = 18
0.761452 -1.28549 -0.864247 -0.0137243 
-0.0964289 1.35153 0.993336 0.852281 
0.768724 -0.465112 2.37817 -0.654894 
0.506198 2.35245 1.37572 0.337454 
---------------------
Depth = 19
0.289684 -0.161075 2.61161 0.550111 
0.28395 0.233472 1.07731 1.68129 
0.757242 0.369484 0.934924 0.249751 
-0.324197 -0.578871 1.11368 0.370502 
---------------------
Depth = 20
-0.824224 -1.23822 1.61643 1.54314 
-1.20177 0.544871 -0.360569 0.681895 
0.498697 0.653809 2.26616 2.17656 
-1.95326 -0.576478 -0.358479 0.383726 
---------------------
Depth = 21
1.35408 0.589634 2.63156 3.86654 
-0.909931 -0.309983 -0.423158 0.578044 
-0.181541 -1.22496 -0.481112 -0.30525 
0.862005 1.95367 2.6122 3.65221 
---------------------
Depth = 22
5.25675 6.15682 1.27281 0.516092 
-2.13525 0.646244 0.982017 -2.22475 
3.59212 2.87116 0.70925 1.97062 
4.5376 2.2496 1.665 0.0359158 
---------------------
Depth = 23
1.91382 1.00183 -0.613536 0.641306 
-1.28636 1.52326 -0.671159 1.37718 
2.50838 -0.219785 2.11085 1.36689 
0.903583 1.59803 2.68579 0.401928 
---------------------
Depth = 24
-0.011195 -1.45557 -2.19293 0.239174 
2.64931 1.63975 -0.300435 1.17992 
0.479845 -2.34424 1.08816 1.75229 
-1.3249 -1.34671 -2.73215 -0.492138 
---------------------
Depth = 25
0.0391198 -0.116805 1.51706 -0.305973 
0.439357 1.88852 0.213448 0.502117 
0.445429 -1.14396 -0.104782 0.35474 
-1.38482 -1.68339 -0.465044 0.607039 
---------------------
Depth = 26
1.95233 1.8321 0.856002 1.87161 
1.49143 -0.0136711 2.85307 -2.09454 
2.97033 4.42655 0.84855 -0.112258 
3.54369 -0.00334893 -1.18948 -0.458682 
---------------------
Depth = 27
3.4041 0.534314 -2.88398 -1.64443 
4.02213 5.25913 -0.983543 0.373474 
4.05881 -2.68772 3.63671 1.22805 
-4.87945 0.552097 0.729271 -1.58451 
---------------------
Depth = 28
-1.00127 -3.11636 1.21872 -0.315016 
2.94938 -0.278836 2.22156 -0.980563 
-3.93701 -0.78783 -0.947878 0.431869 
3.73491 1.51582 1.16482 -0.247626 
---------------------
Depth = 29
4.45969 6.62385 3.10202 1.14329 
-2.91656 2.85608 1.96305 -0.653299 
1.12993 1.30533 -0.822827 0.153151 
5.12865 5.60825 7.35536 2.02143 
---------------------
Depth = 30
2.86065 2.31977 0.66695 0.214694 
1.05272 4.68797 2.77545 -0.450412 
3.45333 3.82096 1.13072 0.491869 
2.61931 1.74548 2.73098 -0.359157 
---------------------
Depth = 31
0.190176 -1.2248 -1.71304 -0.924654 
2.01905 -0.563839 0.435703 1.64886 
2.51598 -1.73212 2.35997 1.86409 
-4.4806 -1.94504 -1.3482 -0.240052 
---------------------
Depth = 32
-0.0737489 -0.356362 1.97521 0.225469 
-1.43843 -1.89935 2.66604 0.762742 
-0.407298 -1.46585 1.19086 0.693633 
-2.01929 -2.82725 -0.254077 -0.774328 
---------------------
Depth = 33
0.286305 -0.983539 -0.624692 0.881234 
0.294517 -0.912594 -0.0670009 1.45268 
-0.702311 -2.19237 -1.43454 0.532513 
0.253968 0.503657 0.929855 0.859343 
---------------------
Depth = 34
-3.85059 1.50757 -1.69741 1.88229 
4.61034 2.40415 6.33791 3.32534 
-2.33436 3.81373 5.71055 0.71228 
3.15321 3.58174 4.09595 3.22655 
---------------------
Depth = 35
-0.124235 0.303927 -0.393961 1.5321 
1.12644 0.449319 2.91889 2.36666 
1.46466 2.05191 2.47268 -0.287686 
-0.755868 0.66493 -0.483775 0.424231 
---------------------
Depth = 36
0.779297 -1.73788 -2.69089 0.547595 
-0.344334 -0.383657 0.475256 2.07532 
-2.40167 -2.64545 -0.379242 0.828034 
1.54615 2.76118 1.57746 1.09454 
---------------------
Depth = 37
0.50156 -1.05463 -0.920583 -1.60616 
1.08132 1.57554 1.21369 -0.80235 
-0.680518 -2.4848 -2.22103 0.15804 
1.65707 0.465029 -0.950083 -1.69505 
---------------------
Depth = 38
0.883897 4.64257 1.59938 -0.432039 
3.1197 3.12828 1.17895 1.25048 
1.47956 2.44586 2.29662 -0.536902 
0.932172 1.07287 1.07669 -0.185838 
---------------------
Depth = 39
0.0342132 -1.43652 -0.919092 1.02763 
0.0667422 -0.175918 0.351604 1.18817 
-1.34703 -0.678814 -0.852964 0.764901 
0.0928619 0.83579 1.1313 1.20329 
---------------------
Depth = 40
0.62153 0.287824 2.10258 0.840002 
-0.708283 -0.518234 0.354425 0.974574 
0.901803 0.968479 1.52568 -1.35099 
0.604277 0.895417 1.61118 1.0437 
---------------------
Depth = 41
2.02587 3.45336 3.9179 2.15442 
-1.5445 -2.1456 -1.92295 0.0882745 
1.40007 0.101447 1.18411 -1.21032 
2.0888 5.2766 5.4968 3.33016 
---------------------
Depth = 42
1.34901 -1.98256 3.43285 -1.35257 
-1.00465 4.13036 3.71651 -1.68228 
0.98664 1.62269 -0.790284 -1.73572 
1.02094 -3.08255 -1.57495 -1.5443 
---------------------
Depth = 43
0.493511 -0.431128 -0.231261 -1.27628 
0.822289 -1.1272 -0.211814 -0.35891 
-0.0654358 -0.11794 -2.13467 -0.499655 
1.91131 -0.404091 0.739477 -0.267209 
---------------------
Depth = 44
5.84017 2.33418 0.401906 -0.288615 
2.71389 3.28567 3.68686 -2.49713 
1.88473 2.90366 -2.85064 -0.725002 
5.27762 3.35914 2.60543 0.0644563 
---------------------
Depth = 45
2.37909 3.32244 2.6453 2.34316 
0.572562 -1.73718 0.853718 1.70393 
-2.71212 -2.53874 -0.575654 0.433076 
5.29344 6.60096 5.85542 3.35129 
---------------------
Depth = 46
-0.880369 -2.35686 0.170412 -2.26374 
0.718081 -0.786995 1.0428 -1.71853 
0.535353 0.054804 -2.89591 -1.90275 
1.51802 -2.48684 -0.969661 -1.86984 
---------------------
Depth = 47
3.61411 5.12675 5.46768 -0.392932 
0.350599 -2.96896 -0.0685169 -0.00420213 
-2.78141 -1.2551 -2.05624 -1.33795 
2.9117 4.9136 6.24504 3.12681 
---------------------
Depth = 48
1.48598 0.962632 -0.0819164 0.452274 
0.855884 1.46672 2.13154 -0.459852 
0.246479 0.0400833 -0.103776 -0.37074 
1.08698 1.96715 0.934632 0.0790326 
---------------------
Depth = 49
0.824114 0.722184 2.29702 0.864235 
-1.2681 -0.849852 0.228941 0.0465741 
0.0684396 -0.499836 -0.0670094 -0.311524 
0.758277 1.3387 1.75229 0.8881 
