---------------------
Depth = 0
-0.861425 -1.33799 -1.76431 -1.28743 -1.13145 -3.29021 -4.19838 -2.48658 
0.85243 0.588885 -1.10855 -0.941769 -0.44681 -1.03352 -1.76532 -1.97127 
1.28041 0.467885 -0.642356 -0.43703 -0.432512 0.374945 0.394021 -0.419474 
0.139447 0.548329 0.894627 0.584975 -0.813646 -1.36325 -0.418689 0.215696 
-0.563049 -0.399594 -0.374971 -0.628343 -1.86652 -1.92977 -0.402263 0.127335 
-1.02812 -1.28518 -1.8331 -1.94372 -2.24499 -2.39218 -1.60689 -0.652311 
-0.123721 -1.09661 -2.43596 -1.23073 -0.577906 -1.35667 -2.55659 -1.90999 
1.23724 0.998933 1.19021 1.52131 1.2498 0.610446 -0.597962 -1.23376 
---------------------
Depth = 1
1.45305 1.75138 1.74463 2.05106 1.90719 0.821217 0.329288 0.875582 
0.382852 -1.28475 -1.96349 -1.94008 -1.73165 -1.11815 0.271564 0.352953 
-2.78982 -3.0725 -2.39615 -2.79117 -2.86227 -1.36607 -0.328618 -0.480481 
-1.50477 -0.391057 0.250569 -0.44043 -1.1143 -0.245144 -0.889434 -0.626335 
0.651718 -0.0582914 -0.923427 -2.0955 -1.397 -0.982264 -0.71534 0.145768 
-0.660141 -2.16708 -3.20949 -2.63513 -1.55894 -0.791658 -0.278558 0.436458 
0.586129 0.0839934 0.461609 0.601608 0.927154 0.664654 0.490364 0.309153 
-1.85048 -1.77919 -1.36873 -1.18914 -1.49513 -0.931609 -0.38148 -0.217908 
---------------------
Depth = 2
-0.263738 -0.0526624 -0.0410239 0.0936998 -2.1642 -2.22776 -1.52838 -1.21806 
-0.246942 -0.463758 -1.15796 -0.458469 0.666859 1.25031 0.478775 -1.2274 
0.174848 0.199727 -0.802722 0.067419 -0.108828 -1.01209 0.244435 -0.288875 
-0.862741 -1.10225 -0.421197 0.142397 -0.744788 -1.46901 -0.331443 0.0843657 
-2.36324 -1.65653 -1.37713 -1.77896 -1.81591 -0.239214 0.808638 0.888853 
-1.00687 -1.47124 -1.89781 -2.45838 -2.47217 -1.87809 -0.92431 -0.187518 
1.64008 1.20853 -0.180239 0.0742452 -1.73296 -2.40571 -2.19269 -1.45891 
1.48483 1.39461 1.10839 1.15784 0.694109 0.31687 0.167536 -0.735578 
---------------------
Depth = 3
-1.38489 -0.58125 -0.652975 -2.80458 -3.98954 -2.58509 -1.11309 -0.239524 
0.29112 0.262949 -0.924431 -2.47157 -2.62563 -1.27908 -2.07091 -1.49657 
0.750934 -1.30728 -2.84984 -1.13633 0.786376 -0.23946 -1.69473 -1.21872 
0.107765 -0.586116 0.445887 2.46419 0.332517 -1.98634 -1.77862 -0.363661 
0.0669634 1.35012 2.44667 1.3667 -0.559551 -0.837633 0.363748 0.418331 
-0.81477 0.047787 -1.19908 -2.44683 -0.566787 1.50745 0.982425 0.681246 
-2.19 -4.15237 -5.28943 -4.8604 -3.43493 -2.46273 -1.83086 -1.04166 
0.0280188 -1.41519 -1.29178 -1.13632 -2.43431 -3.04497 -2.82942 -1.35758 
---------------------
Depth = 4
-1.05446 -0.468573 -0.0377775 -0.56372 -0.772582 0.548489 0.466975 -0.283509 
2.13208 3.08105 3.52638 3.00514 2.44173 2.47317 0.862267 -0.118226 
1.34646 -0.551223 -2.9998 -3.3584 -3.03596 -2.6757 -1.60833 -1.08966 
-3.54741 -3.83802 -2.40408 -0.869504 -0.766368 -0.52141 -0.625883 -0.784625 
-2.10702 -0.699541 0.068384 -1.42869 -1.45349 -0.946883 -0.107178 0.0895572 
-0.690515 -0.207004 -1.61791 -3.26138 -3.6086 -2.26945 -1.14161 -0.215124 
1.44599 -0.522195 -2.43777 -3.28625 -2.85009 -1.59123 -0.841617 -0.557862 
2.96315 3.02478 3.31396 4.1215 4.06625 3.11498 1.53037 0.483143 
---------------------
Depth = 5
1.31524 0.375481 -0.613824 -1.27911 -1.29502 -1.02586 0.0129147 0.156974 
-2.93392 -2.64891 -1.38483 -0.405201 -0.567515 -0.0357422 0.0201631 -0.171461 
-1.23394 0.202146 0.503733 -1.13974 -1.5839 -1.80451 -1.21907 -0.667879 
0.454206 0.0435294 -1.36786 -1.43606 -0.891593 -1.32885 -1.52453 -0.750211 
1.03744 -0.698168 -1.32264 -1.00657 -0.547302 -0.397504 -0.74061 -0.489407 
2.13277 3.0575 4.41204 5.32617 4.01587 2.41909 1.52035 0.594241 
-1.35895 -0.581248 -0.255945 -0.656936 -1.51691 -1.4504 -0.668243 -0.284844 
-2.29975 -2.62108 -2.97817 -3.06754 -2.15723 -1.34939 -0.737303 -0.51268 
---------------------
Depth = 6
1.52899 -1.17923 -3.38596 -1.64867 -1.10445 -2.41763 -2.39669 -0.184056 
-1.68599 -4.84172 -5.03904 -1.98866 -2.90949 -4.83568 -3.89075 -0.641195 
-3.98004 -4.24302 -1.44671 -2.12276 -4.45748 -5.0653 -2.49626 -0.181123 
-1.20587 1.65328 0.914989 -2.79159 -4.13799 -2.19104 0.491821 1.13117 
2.44299 0.991734 -2.83982 -4.68685 -2.81332 -1.18012 0.624836 1.45349 
0.221781 -4.70498 -6.88232 -3.98974 -2.11351 -1.97104 -1.42663 0.156524 
-2.87209 -5.62394 -4.15989 -2.04954 -1.96327 -2.55008 -1.74731 -0.0264714 
-4.76943 -4.9205 -4.00165 -3.31362 -3.4607 -3.23695 -1.80035 -0.11347 
---------------------
Depth = 7
0.0682382 -0.249578 -0.101521 1.15249 0.156144 -2.14319 -2.07786 -0.375967 
0.253741 -0.657158 -0.565283 1.04224 1.68974 0.366831 -1.66141 -1.04677 
-0.597966 -0.557935 -1.79371 -1.41719 -0.952127 0.536223 -0.15591 -0.893614 
-0.367506 0.90018 0.809651 -0.251601 -0.508828 0.339495 -0.419656 -0.395969 
0.38871 0.0830706 -0.691781 -1.09855 -0.847537 -0.429121 0.476205 0.447783 
-0.45141 -1.68312 -1.74531 -0.795712 -1.33789 -1.48194 -0.290019 0.363642 
-0.580881 -1.41984 -1.48479 -0.596259 -0.983272 -2.01045 -2.18031 -0.68657 
0.510712 0.463459 0.270795 0.626792 1.28121 0.0994304 -1.37386 -1.06236 
---------------------
Depth = 8
-0.456747 -1.10902 -1.88471 -0.874025 -1.38088 -1.87672 -0.581915 -0.320457 
0.0371034 -0.197403 0.719539 2.62434 0.669497 -1.53918 -0.240287 -0.0826395 
0.669658 0.366257 -0.475801 0.147204 -1.33386 -1.8645 -0.840702 -0.536973 
-1.73785 -2.56636 -1.67604 -0.89082 -0.506778 -1.27961 -0.961015 -0.745998 
-2.57299 -1.73739 -1.53909 -0.748452 -2.23341 -2.60401 -1.69815 -0.686371 
-0.34898 0.117437 0.537731 -1.31461 -2.53752 -2.50929 -1.11727 -0.775687 
1.24425 1.77954 -0.757475 -1.37446 -2.0976 -1.42709 -0.440884 -0.2229 
2.87378 1.23265 1.08686 1.81658 1.39402 0.0486494 0.255875 -0.0360959 
---------------------
Depth = 9
0.528977 0.662142 1.09762 1.28402 -0.813663 -1.28366 -2.04803 -2.15063 
1.63917 1.5404 1.55273 1.36266 0.320712 -1.27256 -1.54737 -1.38927 
-0.0273449 -0.544415 -1.36897 -0.416341 -0.25627 -0.618177 -0.952733 -1.06076 
-1.15013 -1.76833 -2.03435 -2.28217 -1.53173 -0.811962 -0.815364 -0.844845 
-2.90293 -3.41719 -3.92385 -4.40708 -3.72533 -2.7427 -2.18477 -1.45664 
-1.41749 -2.51668 -3.34885 -4.46508 -5.10491 -4.10114 -3.80445 -2.51162 
3.20092 3.07114 2.65716 2.41075 0.727682 -0.560786 -1.08341 -1.15643 
3.07081 3.61617 4.23153 4.69515 3.23428 1.2161 0.349597 -0.259383 
---------------------
Depth = 10
-0.27061 0.755954 0.747992 1.52487 1.1558 0.19545 -0.00252366 0.347211 
1.46423 1.3825 -0.38827 -0.550614 -1.28152 -0.836904 0.261314 0.588165 
0.203612 -0.866265 -1.21683 -1.908 -0.667539 0.277865 0.0271631 -0.344785 
-2.62304 -3.21763 -3.63607 -1.6191 0.578239 0.303504 -0.698851 -0.712152 
-4.04324 -4.29154 -2.6912 -1.46661 -2.47206 -3.20984 -2.457 -0.970349 
-2.36469 -1.80362 -1.48757 -2.14277 -3.6934 -2.95015 -1.74429 -0.204289 
3.85577 4.58376 3.70299 2.57648 2.01727 1.92046 1.44851 0.634661 
2.53169 1.95673 1.14517 1.55847 1.92171 1.32327 0.640629 0.377015 
---------------------
Depth = 11
-4.21483 -6.53692 -6.85189 -5.28563 -4.69994 -4.02693 -2.76641 -1.74948 
-3.18225 -0.207059 3.18926 4.39266 1.66574 -1.18794 -1.96594 -1.50334 
4.63844 5.64901 3.16155 -1.40773 -3.91109 -3.94827 -1.86659 -1.29242 
3.18149 0.689229 -3.08351 -3.00707 -1.72037 -0.205203 0.00829754 -1.21515 
0.427292 -0.835576 0.580411 3.43981 3.88282 3.0191 0.817055 -0.43088 
-3.69293 -2.03058 0.319072 -0.470929 -2.09022 -2.62265 -1.98966 -1.08049 
-4.65168 -4.75506 -6.95795 -8.8977 -9.05682 -6.73401 -3.4416 -1.38091 
2.86035 1.80148 0.492372 1.10547 1.48033 1.42569 0.772065 -0.207079 
---------------------
Depth = 12
-1.4495 -1.18374 -1.58202 -2.81186 -2.2837 -1.31184 -0.840288 -0.716572 
0.0141336 -0.79728 -1.91492 -3.05858 -2.84164 -2.39155 -1.27264 -0.790771 
-1.73625 -3.07049 -2.55242 -1.80243 -1.06054 -0.985048 -0.469846 -0.266669 
-0.388865 0.62483 1.57555 0.330584 -1.30264 -0.587149 -0.306811 0.43917 
2.06985 1.9502 0.334564 -1.21685 0.0156724 0.790173 0.788582 0.720448 
-0.7684 -2.32871 -4.00553 -2.3488 0.446714 1.04156 0.687084 0.00290848 
-4.62626 -6.04065 -4.49956 -3.16515 -1.52526 -0.777501 -0.564064 -0.551819 
-2.78829 -1.43533 -0.581378 -1.45845 -2.48513 -2.29947 -1.04694 -0.297947 
---------------------
Depth = 13
1.65151 3.44124 2.04065 0.521275 0.809291 0.969825 0.208393 -0.57959 
3.60211 0.851527 -1.48708 -1.23579 -0.0655806 -0.284533 -0.993791 -0.896932 
-2.22028 -4.98547 -4.01752 -0.709139 -0.580023 -2.48169 -2.66902 -0.607745 
-4.2981 -2.53326 2.05352 1.8522 -1.35127 -2.71958 -1.63715 -0.151868 
-0.541447 2.66581 1.87443 -2.75323 -4.28733 -2.50216 -0.686236 0.0224593 
3.43609 1.94335 -1.77358 -3.15523 -2.07236 0.130973 0.373894 -0.486663 
2.10759 -0.718889 -1.24592 -0.123711 1.03466 0.859056 -0.253391 -0.696069 
-0.0165277 -1.04426 -0.0150852 0.494066 -0.00864079 -1.33233 -1.29731 -0.505972 
---------------------
Depth = 14
-0.111985 -1.28942 -1.18262 0.352607 4.32013 3.45196 -0.465653 -0.756397 
-1.77937 -1.51043 -2.51017 -3.41372 -2.23076 0.466628 -0.0367984 -0.492109 
-1.48686 -0.747447 -0.828059 -2.97382 -4.10399 -2.85313 -2.08453 -1.51931 
-0.119756 -0.581792 -2.01816 -2.22716 -1.40711 -1.17682 -1.16361 -1.39952 
0.947626 -0.212282 -0.510464 0.328377 0.00566214 -1.11744 -1.3298 -1.06515 
0.654161 0.189911 0.264103 0.835711 1.61264 -0.43082 -1.41859 -0.465539 
-2.18391 -2.20096 -2.39271 -1.88815 0.823986 1.3815 -0.519665 -0.49141 
-4.71272 -4.95732 -5.41162 -5.52238 -3.40852 -0.0935198 0.291125 -0.172437 
---------------------
Depth = 15
-2.14956 -0.546637 -0.620076 -2.37417 -2.06867 1.88269 1.85911 -0.69017 
-0.9551 0.542288 -1.13055 -3.40083 -0.567433 4.65924 2.11379 -1.53574 
-0.113001 -0.170361 -1.96903 -1.72201 1.62292 3.35356 0.399195 -1.16899 
-1.52471 -2.38899 -1.87844 -0.0416997 1.12007 -0.323312 -0.618057 -0.96549 
-3.53103 -2.84905 -1.4361 -0.298182 -0.452733 -0.391756 -0.546656 -0.729696 
-1.94074 -0.817644 -0.411576 -1.07648 -0.542533 0.205182 -0.798507 -1.25212 
-1.13056 0.178905 -0.644623 -1.56164 -1.13141 0.67628 -0.375715 -0.979199 
0.104807 0.656416 -0.140374 -1.23821 -0.49774 1.41217 0.700436 -0.515902 
---------------------
Depth = 16
-1.36356 -0.25578 0.953085 0.714005 -0.558999 -1.18175 -1.21145 -0.654048 
2.02248 1.76893 0.566168 -0.869034 -1.2312 -1.26441 -0.740206 -0.589933 
0.506357 -1.57011 -2.95034 -3.48085 -2.9696 -2.3371 -1.76711 -0.818433 
-0.310276 -1.03551 0.45022 0.280485 0.470011 -0.100754 -0.414947 -0.157475 
0.751297 1.54791 1.40625 0.995265 0.198131 -0.281261 -0.283515 0.291947 
-1.80199 -2.99715 -3.80863 -4.5259 -4.43109 -2.95607 -1.23447 -0.236716 
-0.464681 -1.62523 -1.64537 -1.80768 -1.46039 -1.18562 -1.02398 -0.672575 
1.23302 1.32199 1.83334 1.55726 1.22944 0.308776 -0.117111 -0.327176 
---------------------
Depth = 17
3.0364 2.56275 0.0107628 -1.57635 -0.394067 2.00936 0.824154 -1.55255 
-1.89725 -1.52206 -2.81386 -2.94863 -2.42679 -1.32193 -0.434633 -0.974189 
-2.13898 -1.15963 -0.700383 -1.02677 -1.90695 -1.70528 -1.39525 -1.02129 
-1.311 -2.06464 -2.23211 -3.2785 -3.18022 -2.79675 -2.2553 -1.25149 
-0.683495 -2.12109 -3.69558 -3.93031 -4.39858 -5.15968 -4.96102 -2.7517 
5.40551 5.51327 5.79879 5.78784 5.31475 3.39282 -0.285904 -2.16086 
0.389428 3.02499 3.34047 2.93397 2.75184 3.63704 2.17124 -0.29327 
-3.51154 -3.50836 -3.55207 -3.40559 -2.32695 -0.954901 0.217883 -0.0540743 
---------------------
Depth = 18
0.761452 -0.163985 -1.28549 -2.51502 -2.55066 -2.41482 -2.47913 -0.999481 
-0.386156 -1.68556 -2.58121 -2.66826 -1.53626 -0.864247 -0.635875 -0.0137243 
-1.72663 -1.89673 -0.0535081 1.35153 0.993336 0.927359 0.852281 0.719409 
-1.44845 -0.0964289 0.502144 -1.66398 -2.21102 -1.10277 -0.418597 0.26431 
-1.17258 -2.24485 -4.37804 -4.9114 -3.16949 -1.3828 -1.33571 -0.868906 
0.768724 -1.01159 -1.74427 -0.465112 2.37817 1.29125 -0.654894 -0.913981 
-0.882761 -0.911355 0.583552 2.35245 1.37572 -0.169192 -1.02919 -0.702829 
-0.976925 0.506198 1.78838 0.101342 -0.854829 -0.63098 -0.0696169 0.337454 
---------------------
Depth = 19
0.289684 -0.306463 -0.609996 -0.780014 1.15822 1.6347 -0.167989 -1.06383 
-0.592348 -0.870617 -0.161075 -0.689846 0.826849 2.61161 0.550111 -0.958415 
-0.933741 0.266131 0.111625 -1.19118 -0.459382 1.07731 1.68129 -0.0883803 
-0.667724 0.28395 0.233472 -1.03886 -1.0001 -0.24912 0.0762806 -0.284904 
-0.00414143 -0.239258 -0.405181 -0.546843 0.574662 0.0764657 0.249751 0.0162387 
0.757242 0.120103 0.369484 0.279725 0.934924 0.411595 -0.371368 -0.306197 
-0.738905 -0.324197 -0.578871 -1.08356 0.172246 0.609464 -0.342901 -0.818876 
-1.40406 -0.687146 -0.932693 -1.3533 -0.232304 1.11368 0.370502 -0.654983 
---------------------
Depth = 20
-0.927817 -0.824224 -1.23822 -2.69427 -1.92446 0.0597119 0.845108 0.628698 
-1.17914 -1.32317 -1.38755 -1.30828 0.203192 1.61643 1.54314 0.612257 
-1.26113 -2.21127 -2.13117 -1.25875 -0.640403 -0.375144 0.0643212 0.349224 
-1.86382 -1.20177 0.0443829 0.544871 -0.360569 -0.749441 0.316303 0.681895 
-0.346935 0.498697 0.653809 0.249107 0.0819876 1.18999 2.17656 1.51065 
-0.995904 -0.793187 -0.974238 -0.824242 1.22702 2.26616 1.79426 1.08675 
-3.34552 -3.93238 -4.45379 -3.6414 -2.2585 -1.08217 -0.724404 -0.300364 
-2.10237 -1.95326 -0.900893 -0.576478 -0.685613 -0.358479 0.381653 0.383726 
---------------------
Depth = 21
0.030088 0.896646 0.589634 0.265981 1.51152 2.63156 0.757414 -2.61613 
0.695853 1.35408 0.302474 -1.16692 -0.507766 2.18187 3.86654 -0.338868 
-1.27672 -0.909931 -2.08328 -2.4555 -2.47788 -2.51269 0.392261 0.578044 
-2.53565 -2.62826 -0.716921 -0.309983 -0.423158 -1.85465 -0.736881 0.248905 
-0.546552 -0.860433 -1.22496 -1.69453 -2.10089 -1.93012 -0.804877 -0.30525 
-0.181541 -0.53587 -2.07053 -2.89501 -1.69618 -0.481112 -1.77383 -2.00899 
0.409 0.862005 -0.260857 0.183038 1.09936 2.03356 0.662317 -2.09861 
-1.82818 0.0891056 1.12587 1.95367 1.71211 2.6122 3.65221 0.963712 
---------------------
Depth = 22
3.04854 5.25675 6.15682 3.78033 1.27281 -0.224981 0.516092 -0.191937 
2.01412 0.549057 -1.65278 -2.5338 -2.00138 -0.126797 -0.183692 -1.56677 
-2.13525 -3.43016 -3.50503 -2.07441 0.758772 0.982017 -2.27373 -2.70492 
-3.20704 -2.64722 -1.84764 0.646244 0.866494 -2.6074 -3.82952 -2.22475 
-1.4224 -0.268722 0.782199 -0.0382474 -3.90841 -4.67367 -2.40667 -0.823217 
1.62922 3.59212 2.87116 -0.56278 -0.924563 0.70925 1.97062 0.757498 
4.5376 4.46657 2.2496 1.57755 1.665 1.42836 0.0359158 -0.968376 
0.482148 -1.1217 -2.27195 -1.93869 -1.62216 -2.51885 -2.9759 -2.14795 
---------------------
Depth = 23
1.74901 1.91382 1.00183 -0.190241 -0.613536 -1.67931 -1.12206 0.473412 
1.44346 -0.80571 -2.6685 -2.04223 -1.92103 -1.66051 -0.840139 0.641306 
-2.25017 -4.31279 -2.46511 -0.524257 -0.671159 -1.09821 0.868352 1.18156 
-3.66801 -1.28636 1.52326 0.174197 -3.17499 -2.25809 0.36997 1.37718 
-0.861594 0.416326 -0.219785 -4.64895 -4.87044 -1.5476 0.882702 1.07171 
2.50838 0.747374 -2.71535 -2.82847 0.184502 2.11085 1.36689 0.993857 
0.903583 -2.05753 -1.63342 1.59803 2.68579 1.22341 0.267543 0.401928 
-2.21737 -2.54467 -0.0259561 0.563968 -0.797748 -1.61398 -0.730393 0.0624423 
---------------------
Depth = 24
-0.011195 -1.20884 -2.62294 -2.25802 -3.44888 -3.86711 -0.98562 0.239174 
-1.72669 -3.75064 -3.15984 -1.45557 -2.19293 -2.36337 -0.942342 -0.877575 
-2.28284 -1.15057 1.63975 0.922308 -1.7542 -0.300435 1.17992 0.139237 
-0.283429 2.64931 1.56674 -2.76594 -4.03151 -1.16366 0.131892 0.22116 
0.479845 -0.670756 -3.55427 -4.11092 -1.32166 1.08816 1.75229 0.958458 
-1.35341 -4.23572 -5.24826 -2.34424 -1.33199 -1.28914 0.0310816 0.425385 
-3.11865 -4.18591 -2.54985 -1.78594 -3.47465 -3.95818 -1.89078 -0.492138 
-1.85153 -1.3249 -1.34671 -2.96639 -3.96488 -2.73215 -1.37411 -0.847261 
---------------------
Depth = 25
0.0391198 -0.84913 -2.86643 -3.77298 -2.47282 -1.40168 -1.81972 -2.19995 
-1.86706 -2.20509 -2.26402 -0.116805 1.51706 0.868579 -0.305973 -0.996317 
-0.716459 0.230409 1.30842 1.88852 0.213448 -2.60983 -1.30008 -0.202052 
0.0203537 0.439357 -0.493597 -1.66913 -3.15904 -3.15273 -0.956292 0.502117 
0.445429 -0.603341 -1.67776 -2.34175 -1.06065 -0.104782 0.313192 0.35474 
0.0742931 -1.2633 -2.27713 -1.14396 -0.509027 -0.872365 -1.51358 -1.20811 
-1.98224 -2.56376 -2.92225 -2.94084 -3.72611 -3.71193 -2.92322 -1.83598 
-1.50217 -1.38482 -1.68339 -1.75438 -1.12695 -0.465044 0.607039 0.27875 
---------------------
Depth = 26
-0.269667 0.913004 1.8321 0.522174 -1.28168 0.0644908 1.87161 -1.64003 
-0.324019 1.95233 0.724776 -1.33717 -1.68067 0.856002 0.88242 -3.28616 
1.42843 1.49143 -1.72485 -2.98745 -0.452223 1.42265 -2.09454 -4.25961 
0.370401 -1.97776 -3.35314 -0.0136711 2.85307 -0.570327 -4.44638 -3.42008 
-1.41177 -1.2672 1.83158 4.27981 0.84855 -2.97246 -3.16481 -1.62028 
-0.685899 2.97033 4.42655 0.968968 -2.93152 -2.31317 -0.112258 -1.08544 
1.45389 3.54369 -0.00334893 -3.48084 -4.17631 -1.18948 -0.458682 -2.15606 
1.88366 -0.193179 -3.16341 -3.12876 -1.89955 -1.32859 -2.11342 -2.89605 
---------------------
Depth = 27
3.12451 3.4041 0.534314 -2.34146 -2.95504 -2.88398 -2.91073 -1.64443 
-1.9271 -7.10262 -9.67805 -8.66647 -6.08777 -4.53197 -3.70311 -2.50118 
-7.47495 -7.19633 -3.04537 -0.546643 -0.983543 -1.97898 -1.79133 -0.931974 
-0.430574 4.02213 5.25913 0.327511 -3.81138 -3.50368 -0.847459 0.373474 
4.05881 2.99408 -2.68772 -6.67628 -4.24454 -0.204784 0.713301 0.601479 
0.698184 -4.6328 -7.35543 -3.32406 2.16485 3.63671 1.22805 0.118644 
-4.87945 -6.67071 -2.82601 0.552097 0.729271 -1.34466 -2.42397 -1.58451 
-8.19157 -6.47905 -5.51721 -7.1147 -8.29434 -6.76064 -3.82062 -1.7775 
---------------------
Depth = 28
-5.53337 -5.11947 -4.89746 -7.08898 -6.56598 -4.41109 -2.6681 -2.87045 
-1.30374 -1.00127 -3.11636 -4.56762 -1.67187 1.21872 -0.315016 -2.87788 
2.94938 1.45873 -1.26212 -0.278836 2.22156 1.64203 -1.36669 -2.35735 
-0.873313 -3.78868 -3.68866 -0.875926 0.433322 -1.03324 -1.2562 -0.980563 
-7.14726 -5.04936 -1.9404 -0.78783 -1.80465 -0.947878 0.431869 0.194936 
-6.19689 -3.93701 -3.66223 -5.71445 -5.86157 -3.9532 -2.3954 -1.63985 
-1.18336 -1.43033 -4.35373 -5.72827 -5.3006 -4.59412 -4.12056 -3.24512 
3.73491 3.09752 1.51582 1.30458 1.16482 0.982176 -0.247626 -1.07187 
---------------------
Depth = 29
0.819351 4.45969 6.62385 5.42714 3.10202 1.76924 1.14329 0.0671296 
4.30153 2.47967 -2.14628 -4.98716 -3.87671 -1.66842 -0.862796 -1.17094 
-2.91656 -6.55286 -6.87689 -2.0335 1.96305 0.71447 -1.1944 -1.39162 
-4.98196 -3.97005 0.751156 2.85608 0.512176 -2.08685 -1.67401 -0.653299 
-3.86257 0.155537 1.30533 -2.52892 -5.95127 -3.90369 -0.658275 -0.279303 
1.12993 0.743447 -3.17824 -6.58326 -4.25259 -0.822827 0.153151 -0.349015 
5.12865 3.11365 2.4076 5.60825 7.35536 5.24544 2.02143 0.14546 
-0.594371 -1.12598 0.209237 0.573736 -0.816061 -2.34085 -2.15949 -1.06971 
---------------------
Depth = 30
-1.50716 0.789051 2.31977 0.257009 -0.559639 0.154752 0.214694 -0.111636 
2.86065 2.63821 -1.26075 -3.24187 -0.557589 0.66695 -0.24314 -0.610037 
1.05272 -3.00798 -4.58715 0.0792995 2.77545 0.0053706 -1.12821 -0.807963 
-2.98205 -3.84587 0.643138 4.68797 0.0167008 -2.75408 -0.74879 -0.450412 
-3.36756 0.741391 3.82096 -1.10859 -4.37666 -1.59329 -0.0502766 -0.577321 
0.788933 3.45333 -1.29102 -4.39845 -1.12304 1.13072 0.491869 -0.724066 
2.61931 -0.767895 -2.40468 0.709074 2.73098 1.25007 -0.43755 -0.498642 
-0.463955 -0.825357 1.11722 1.74548 0.0979776 -1.5173 -0.940131 -0.359157 
---------------------
Depth = 31
0.190176 -1.12968 -1.46333 -1.2248 -2.48165 -1.76049 -1.11128 -0.971824 
-2.82624 -2.90539 -2.45882 -2.75698 -3.17904 -1.71304 -1.20668 -0.924654 
-3.01024 -1.57982 -1.29442 -3.25339 -4.67412 -0.655583 0.146894 -0.484769 
0.0590325 2.01905 -0.563839 -3.87925 -4.1606 0.435703 1.64886 0.0706457 
2.51598 1.73815 -2.00094 -3.04937 -0.671796 2.35997 1.86409 0.768143 
-0.277841 -3.64588 -4.72235 -1.73212 0.602692 0.816357 0.528601 0.0464368 
-5.33343 -6.46693 -4.38714 -1.94504 -2.16151 -1.3482 -1.08458 -0.52672 
-6.22072 -4.4806 -3.51372 -3.47669 -3.65207 -1.5574 -0.774403 -0.240052 
---------------------
Depth = 32
-0.931512 -0.0737489 -0.356362 -3.47164 -4.10511 -1.18326 -0.119675 -1.90285 
-1.87334 -1.27412 -3.00993 -5.4214 -3.41352 1.97521 0.225469 -2.1909 
-1.65938 -1.94017 -1.89935 -2.82499 0.965838 2.66604 0.762742 -0.707701 
-1.59638 -1.43843 -2.3943 -1.92223 -2.44577 -2.20753 -0.902418 0.0157649 
-2.12231 -2.46014 -1.52402 -2.83156 -3.50482 -1.37714 0.318569 0.310355 
-1.03174 -0.407298 -1.46585 -2.65926 -0.930157 1.19086 0.693633 -0.33527 
-2.01929 -2.70344 -3.38238 -3.39835 -1.78246 -0.254077 -1.30218 -1.73378 
-2.40757 -2.59819 -2.82725 -3.48317 -2.69147 -0.91455 -0.774328 -1.11499 
---------------------
Depth = 33
0.0559197 -0.742962 -1.37228 -1.26578 -1.61957 -2.81516 -3.23536 -0.253926 
0.286305 -1.20074 -1.54654 -0.983539 -0.624692 -3.63744 -3.39194 0.881234 
0.294517 -1.22605 -1.94887 -0.912594 -0.0670009 -1.86042 -1.63368 1.45268 
-0.0689454 -1.42203 -1.44948 -1.39401 -1.43057 -1.1677 -0.643148 1.09813 
-1.00122 -1.85754 -2.703 -3.08824 -3.15662 -1.95821 -0.732269 0.343593 
-0.702311 -2.05759 -2.19237 -2.8622 -2.37319 -1.43454 -0.425692 0.532513 
-0.33356 -1.55561 -1.87135 -1.10171 -0.313123 -1.18335 -0.937175 0.712769 
0.253968 -1.16253 -0.838141 0.503657 0.929855 -0.808104 -1.23241 0.859343 
---------------------
Depth = 34
-3.90002 -7.07258 -5.26228 -1.90871 -1.69741 -2.42624 -0.442024 1.15289 
-6.51973 -3.85059 1.50757 0.99123 -4.28715 -2.73887 1.88229 1.7982 
-0.56348 4.61034 2.40415 -5.93111 -6.38861 1.19606 3.32534 0.53833 
3.80519 0.536972 -8.73986 -9.38522 1.34717 6.33791 1.54407 -1.07933 
-2.33436 -10.1868 -10.0945 0.326115 5.71055 0.399278 -3.2974 -1.42656 
-9.10185 -8.76955 -0.0668743 3.81373 -1.54852 -5.04957 -2.40913 0.71228 
-5.88774 0.948352 3.58174 -1.74433 -4.74 -1.37409 2.25558 1.77128 
1.36574 3.15321 -0.493495 -2.24544 0.799121 4.09595 3.22655 0.888656 
---------------------
Depth = 35
-0.124235 -1.3845 -0.98637 0.303927 -0.393961 -1.05395 0.475771 0.430406 
-3.20029 -3.11408 -0.0731084 -1.05919 -3.1116 -1.5371 1.5321 -0.00332416 
-3.06061 0.105707 0.449319 -3.76061 -5.13795 -0.667325 2.36666 -1.14955 
0.148027 1.12644 -2.24091 -5.2514 -1.82691 2.91889 1.14449 -1.99828 
1.46466 -1.45083 -4.33397 -1.96824 2.47268 1.01448 -1.2152 -1.25711 
-2.00049 -3.78608 -1.47644 2.05191 0.948939 -1.84834 -1.05116 -0.287686 
-4.41193 -2.04266 0.66493 -0.0612643 -2.55628 -1.76523 0.00314216 -0.222204 
-3.48914 -0.755868 -1.90441 -4.00511 -3.37181 -0.483775 0.424231 -0.969441 
---------------------
Depth = 36
-1.6467 -1.34934 -1.73788 -2.57957 -2.90463 -3.26675 -2.98876 -0.709988 
0.779297 -1.52181 -2.74577 -2.30156 -2.69089 -3.7075 -2.23769 0.547595 
-0.344334 -2.37409 -2.43952 -1.56113 -2.43602 -3.10485 -0.300531 1.73637 
-1.38025 -1.68629 -0.898447 -0.383657 -0.27582 0.475256 1.60347 2.07532 
-2.48494 -2.40167 -2.64545 -3.22309 -2.10427 -0.379242 0.373024 0.828034 
-5.26478 -7.10424 -8.0791 -7.76464 -5.86169 -3.30245 -1.8932 -0.392757 
0.359967 -0.886937 -0.236328 -0.138887 -0.29903 -0.828952 -0.513718 0.267898 
1.54615 1.50321 2.13375 2.76118 1.57746 0.158493 0.479502 1.09454 
---------------------
Depth = 37
-0.759607 -2.14103 -2.59642 -2.75006 -3.85374 -6.22326 -4.41509 -1.60616 
0.50156 -0.784052 -1.87684 -1.05463 -0.920583 -3.17529 -3.27328 -2.33705 
1.08132 0.477596 0.625176 1.57554 1.21369 0.383528 -0.937219 -1.58342 
0.170017 0.788893 -0.0998989 -1.04813 -1.7796 -1.43861 -1.17183 -0.80235 
-1.49287 -1.49506 -2.4848 -3.44852 -3.28753 -2.22103 -0.901812 0.15804 
-0.680518 -2.10004 -3.23538 -2.83882 -3.0446 -3.71786 -2.11269 -0.586985 
-0.251355 -1.72057 -2.32519 -1.1844 -2.58481 -4.59747 -3.90525 -1.75631 
1.65707 1.39803 0.465029 0.148777 -0.950083 -2.30059 -2.73162 -1.69505 
---------------------
Depth = 38
0.883897 -1.46684 -0.397001 2.38482 1.59938 -1.20338 -0.891335 -0.903045 
-1.77659 -0.513336 2.95776 4.64257 1.00996 -0.762458 -0.432039 -1.33374 
-1.11518 2.53697 3.12828 -0.0901449 0.114429 1.17895 1.25048 -0.384203 
2.29942 3.1197 -1.25972 -2.6134 -0.25562 0.27436 -0.345554 -0.317214 
1.47956 -2.13529 -2.3997 0.35113 2.29662 0.0631418 -0.568737 -0.536902 
-0.106947 0.291357 1.82749 2.44586 -0.173953 -1.51669 -0.801201 -0.761192 
-0.695114 0.838408 1.07287 0.0888106 -0.618628 -0.519897 -0.185838 -0.481271 
0.341432 0.932172 0.0605942 0.377449 1.07669 0.638718 -0.219684 -0.912888 
---------------------
Depth = 39
-1.5091 -1.82629 -1.82008 -1.76008 -1.64065 -1.41802 -0.193286 0.486921 
0.0342132 -0.481724 -1.43652 -1.92477 -1.01598 -0.919092 0.489607 1.02763 
0.0667422 -0.87734 -1.82555 -1.52659 -1.9692 -2.00744 -0.444233 0.531568 
-1.2147 -2.41885 -1.42168 -0.175918 -0.0165309 0.351604 1.15187 1.18817 
-1.91424 -1.34703 -0.678814 -1.12952 -1.31587 -0.852964 0.364578 0.764901 
-2.75302 -2.5295 -3.63846 -3.39991 -3.31942 -2.29745 -0.587761 0.275623 
-0.373345 -1.16624 -1.75991 -1.7764 -1.1034 -1.13158 -0.144511 0.336197 
0.082984 0.0928619 0.0169824 0.83579 0.973642 1.1313 1.20329 1.15467 
---------------------
Depth = 40
0.577443 0.62153 0.287824 0.0150118 1.83145 2.10258 -0.278458 -2.14994 
-0.480406 -0.416845 -1.5283 -1.78995 -0.493341 1.86853 0.840002 -1.82598 
-1.65873 -0.722898 -0.518234 -2.44525 -2.53083 0.354425 0.974574 -1.10324 
-1.3757 -0.708283 -1.15491 -2.44295 -2.40466 -0.621005 -0.280488 -1.42404 
-0.558349 -0.923546 -1.94453 -1.63196 -1.10826 -0.830333 -2.01554 -2.24324 
0.901803 0.485739 0.649856 0.968479 1.52568 0.0370107 -1.35099 -1.51702 
-0.296985 0.604277 0.895417 0.826448 1.30085 1.61118 0.0500995 -1.33161 
-2.16122 -1.15657 -1.26991 -2.14059 -1.24474 1.43231 1.0437 -1.00377 
---------------------
Depth = 41
1.24971 2.02587 3.24064 3.45336 3.9179 3.72208 2.15442 0.290893 
-0.378232 -0.155388 -1.63851 -2.83754 -3.1124 -2.14813 -0.508381 0.446294 
-2.90976 -2.99242 -2.1456 -2.31724 -2.80046 -1.92295 -1.23918 0.0882745 
-1.5445 -1.872 -2.47317 -2.68366 -2.86309 -2.59413 -1.04274 -0.735786 
-0.88957 -1.59036 -2.67374 -3.34606 -3.74179 -2.53078 -3.01298 -2.44069 
1.40007 0.96868 -0.0666884 0.101447 1.18411 -0.0121343 -1.21032 -1.51831 
1.51573 2.0888 3.37067 5.2766 5.4968 4.40045 3.33016 1.45368 
-4.40233 -3.52326 -2.29113 -2.46998 -1.84259 -0.423326 0.781755 1.00835 
---------------------
Depth = 42
-0.735964 1.04915 -1.98256 -6.475 -1.5291 3.43285 -1.35257 -4.13643 
1.34901 -1.19733 -7.15774 -6.80782 2.793 3.40548 -3.65319 -4.45966 
-1.00465 -5.9067 -6.80173 -0.352831 3.71651 -2.93309 -6.07713 -3.05265 
-4.97003 -5.4472 0.459005 4.13036 -1.44943 -5.69849 -4.17361 -1.68228 
-4.16976 -0.300516 1.62269 -3.53403 -5.9567 -3.32268 -2.14995 -1.73572 
-0.239344 0.98664 -3.86646 -7.94873 -4.06257 -0.790284 -2.88551 -3.36006 
1.02094 -2.16032 -6.20151 -6.26484 -2.12273 -1.57495 -4.0545 -3.12016 
-1.08037 -3.17502 -4.04348 -3.08255 -1.7651 -1.99749 -2.19589 -1.5443 
---------------------
Depth = 43
-0.195688 -1.1327 -1.72365 -1.12867 -0.274974 -0.405404 -1.59652 -1.27628 
0.448753 0.493511 -0.839605 -0.431128 -0.231261 -2.70068 -3.56978 -1.57847 
0.822289 -0.515948 -2.47883 -1.96787 -1.78567 -2.68165 -2.97596 -1.17348 
-0.540074 -2.32671 -2.65967 -1.1272 -0.211814 -1.85823 -2.2054 -0.35891 
-1.64782 -2.52883 -1.30241 -0.580777 -2.13467 -3.9123 -2.79008 -0.499655 
-0.269405 -0.0654358 -0.11794 -1.71636 -3.85477 -4.13453 -2.67355 -1.22582 
1.15343 1.25119 -0.664393 -2.23473 -1.55187 -0.524099 -0.7118 -0.267209 
1.91131 -0.118715 -1.55567 -0.404091 0.739477 -0.475366 -1.3618 -0.540449 
---------------------
Depth = 44
-3.6352 0.0856602 2.33418 1.04398 -0.460801 -0.836328 -0.386066 -1.00733 
4.00774 5.84017 1.05719 -2.61727 -1.7265 0.401906 -0.288615 -1.64367 
2.71389 -2.59278 -6.77877 -3.03101 1.279 1.44916 -2.59155 -2.57406 
-3.89233 -6.96369 -3.37071 3.28567 3.68686 -1.583 -4.35159 -2.49713 
-6.04689 -2.11088 2.90366 2.38094 -3.17275 -5.02631 -3.74666 -1.97148 
-2.21582 1.88473 -0.538071 -5.798 -6.22641 -2.85064 -0.954024 -0.725002 
4.09567 2.87565 -1.01563 -1.00436 0.613334 1.40312 0.0644563 -0.860442 
5.27762 3.26439 2.56455 3.35914 2.60543 0.581441 -1.28756 -1.13596 
---------------------
Depth = 45
-1.56501 -1.30065 -0.642174 -0.405686 -0.71472 -1.31235 -0.913278 0.822622 
2.37909 2.13466 2.91408 3.32244 2.6453 1.60484 1.92012 2.34316 
0.572562 -0.659401 -1.73718 -2.86981 -2.91729 -0.730776 1.16345 1.70393 
-3.50217 -3.89488 -2.99847 -2.56753 -0.938626 0.853718 0.84648 0.732152 
-3.14421 -3.14528 -3.26518 -2.53874 -0.941429 -0.575654 -0.541437 -0.118484 
-2.71212 -3.56217 -3.16076 -2.77643 -2.36512 -2.11575 -1.01414 0.433076 
-0.106085 -0.908856 -0.566575 -0.461005 -1.01323 -0.688231 0.108754 0.889073 
4.25711 5.29344 6.60096 6.30387 5.85542 4.64165 3.35129 2.03669 
---------------------
Depth = 46
-1.36476 -0.932944 -2.35686 -3.10738 -1.54062 -0.400542 -2.26374 -3.47743 
-0.880369 -0.916785 -3.60955 -4.47052 -1.08965 0.170412 -4.78048 -4.21437 
0.718081 -0.974233 -4.34968 -3.285 1.0428 -0.620327 -6.08619 -3.99862 
0.411725 -3.17947 -3.88712 -0.786995 0.389451 -2.58867 -4.8073 -1.71853 
-2.93743 -3.34472 -1.35168 -0.487051 -2.89591 -4.71562 -3.79383 -1.90275 
-1.34164 0.535353 0.054804 -2.61779 -5.07591 -3.62602 -2.82289 -2.29452 
1.00263 0.52815 -2.48684 -4.70757 -3.0666 -1.89372 -2.95073 -2.19609 
1.51802 -1.81361 -4.34485 -3.75554 -0.969661 -1.24963 -3.45988 -1.86984 
---------------------
Depth = 47
-1.50927 -0.711126 2.03313 5.12675 5.46768 1.98166 -1.58218 -2.14822 
2.56807 3.61411 2.84913 1.51146 0.947593 -0.100021 -0.392932 -0.420021 
0.350599 -1.06203 -3.51198 -5.49715 -5.58167 -2.70391 -0.864656 -0.00420213 
-2.68082 -3.8764 -4.26138 -2.96896 -1.34809 -0.0685169 -0.569978 -0.161451 
-2.78141 -3.05057 -2.16959 -1.2551 -2.05624 -2.64302 -2.62613 -1.33795 
-3.21075 -4.63939 -5.72374 -7.21263 -8.24826 -7.75405 -5.25678 -2.85324 
2.76704 2.57345 1.63374 1.99218 2.82809 2.38184 0.858707 -0.401065 
2.19726 2.9117 3.81304 4.9136 6.24504 5.42672 3.12681 1.08823 
---------------------
Depth = 48
0.602374 1.48598 0.962632 0.901913 -0.128186 -0.0819164 0.452274 -0.140016 
-0.010571 -0.936523 -1.57655 -1.30065 -1.37524 -1.67034 -1.24933 -0.608149 
-1.7354 -0.898591 -0.269064 1.46672 2.13154 -0.476868 -1.44028 -1.29655 
0.746168 0.855884 0.668234 0.428732 -0.708954 -0.990686 -0.459852 -0.837419 
-0.0185378 0.246479 -0.23981 -0.819609 -1.04441 -1.19328 -0.734148 -0.37074 
0.211972 -0.232899 -0.688009 0.0400833 -0.103776 -0.166877 -0.387955 -0.641811 
0.05745 1.08698 1.73954 1.96715 0.934632 0.481663 0.0790326 -0.241489 
-0.474759 -0.55482 -1.57254 -1.72746 -2.21003 -2.4756 -1.37077 -0.562958 
---------------------
Depth = 49
0.824114 0.606109 0.464727 0.722184 0.726772 -0.381548 -1.65021 -0.495488 
0.337336 -0.823793 -1.43195 -0.46779 1.28114 2.29702 0.864235 -0.545718 
-1.27222 -1.2681 -1.70198 -0.849852 -1.0303 0.228941 0.0465741 -0.20318 
-2.11615 -1.43752 -0.898343 -1.4093 -1.66102 -1.49021 -0.0831727 -0.214496 
-1.84851 -1.34341 -2.39893 -2.76652 -3.16482 -1.31249 -0.311524 -0.495012 
0.0684396 -0.767484 -1.00504 -0.499836 -0.0670094 -0.470158 -1.0854 -0.314825 
0.758277 0.158636 0.149882 1.3387 1.57174 -0.540395 -1.67478 -0.684471 
-0.0734718 0.397126 0.981461 1.23956 0.912095 1.75229 0.8881 0.0487063 
