8.95947e-06 
7.0253e-06 
1.63813e-07 
9.60405e-06 
0.820261 
0.000291716 
3.19677e-08 
0.156364 
3.50535e-08 
0.0230577 
0.00183237 
0.450606 
0.427938 
0.000175753 
0.0795496 
0.0380223 
0.00114738 
0.00040825 
0.000316188 
4.74653e-06 
8.95947e-06 
7.0253e-06 
1.63813e-07 
9.60405e-06 
0.820261 
0.000291716 
3.19677e-08 
0.156364 
3.50535e-08 
0.0230577 
0.00183237 
0.450606 
0.427938 
0.000175753 
0.0795496 
0.0380223 
0.00114738 
0.00040825 
0.000316188 
4.74653e-06 
0.00183237 
0.450606 
0.427938 
0.000175753 
0.0795496 
0.0380223 
0.00114738 
0.00040825 
0.000316188 
4.74653e-06 
0.00183238 
0.450606 
0.427938 
0.000175753 
0.0795495 
0.0380223 
0.00114738 
0.00040825 
0.000316188 
4.74654e-06 
0.00183238 
0.450606 
0.427938 
0.000175753 
0.0795495 
0.0380223 
0.00114738 
0.00040825 
0.000316188 
4.74654e-06 
