---------------------
Depth = 0-0.356846 -1.24538 -0.17037 -2.03183 
-1.70001 -1.26987 1.02195 -0.775817 
1.60457 2.24342 2.54981 1.90186 
1.82622 1.41951 1.23742 1.0992 
---------------------
Depth = 1-0.00159295 -0.0317061 -0.121963 0.317966 
0.938714 1.80383 0.841738 0.0532505 
-2.35684 -0.648765 -0.727838 -0.479286 
0.456601 0.356445 0.125169 0.147411 
---------------------
Depth = 2-1.38834 -0.699102 0.0805385 0.169527 
-0.0953539 -0.103633 1.10375 -0.325515 
1.2524 0.680117 1.84206 0.0138861 
-0.354459 -0.0043596 0.272874 0.134132 
---------------------
Depth = 31.8023 2.2018 0.89087 0.172759 
-1.34918 -1.96313 -1.69396 -2.17415 
-0.628689 0.707113 1.4774 -0.435281 
0.628033 0.589628 0.724057 0.265501 
---------------------
Depth = 4-0.928177 -0.20239 -0.177278 1.48164 
1.40791 4.2016 3.24458 -0.540917 
2.72949 0.745684 -1.68862 -0.518073 
-0.0743878 -0.0282052 -0.434108 -0.647195 
---------------------
Depth = 52.58377 4.57608 3.44613 0.334557 
3.45357 2.06702 -0.00644762 -0.555847 
-0.610905 -1.28043 -1.19838 -1.35252 
-0.511889 -0.47934 -0.260397 -0.359808 
---------------------
Depth = 61.21981 0.192186 3.05233 -2.12861 
-1.80922 -2.10762 -2.74028 -3.28538 
-2.85185 0.0519679 0.0276141 -0.54362 
1.54739 1.79428 0.331908 1.19432 
---------------------
Depth = 7-0.0630847 0.253023 1.64182 0.272385 
0.334511 -1.45127 0.748176 -0.519502 
-0.653199 -0.527524 0.672214 1.74869 
0.531731 0.586286 -0.229203 0.829719 
---------------------
Depth = 8-2.39332 -2.17969 1.06272 -0.990983 
0.628544 1.24033 4.20454 -1.29004 
1.90649 2.4422 1.52666 -0.803987 
-0.346581 -0.114327 1.0652 -0.455914 
---------------------
Depth = 9-3.41028 -3.33228 -1.90943 -2.72116 
3.24456 2.68248 3.39332 0.442983 
3.23453 1.30085 2.45247 1.37317 
-0.188519 -0.281365 0.0694627 0.618525 
---------------------
Depth = 10-3.28398 -3.58477 -0.827227 -0.442312 
3.61157 3.24612 3.07538 0.810571 
2.89956 1.74635 0.931059 -0.137034 
-0.185382 0.0195138 0.659895 -0.0735956 
---------------------
Depth = 112.12277 3.07977 2.71021 -0.664306 
-3.97513 -0.397533 2.53451 -1.62874 
3.26961 4.09404 1.31351 -0.158359 
-0.214092 0.123421 0.833913 -0.0229047 
---------------------
Depth = 122.23144 1.96155 0.759158 -0.678577 
-2.18829 -2.1965 -3.25745 -0.364208 
-0.382019 1.69707 1.72048 0.383188 
2.1539 1.80683 0.5341 1.28155 
---------------------
Depth = 130.438944 0.161838 1.55776 1.04399 
2.01102 3.83561 1.81348 -1.30246 
-1.38682 -1.41301 -0.120665 -1.2531 
0.279892 0.438773 0.0725577 -0.459174 
---------------------
Depth = 145.15357 1.51837 1.27434 2.65409 
0.862291 -1.09028 0.926804 1.91478 
-2.54878 -2.56849 -3.97567 -0.856056 
0.0636408 0.00748714 -0.0871133 -0.235098 
---------------------
Depth = 150.574449 -0.337807 -1.86931 3.27023 
0.831066 -0.670653 -1.51587 3.53806 
1.40248 0.192862 -1.34536 2.73726 
0.507654 -0.0700497 0.348907 0.671806 
---------------------
Depth = 160.569105 1.33103 0.842315 -0.136562 
-0.204595 0.749251 -0.542877 -1.76299 
0.143686 -0.282167 0.553043 0.444705 
0.65177 0.87588 0.371776 0.4392 
---------------------
Depth = 171.17179 2.00639 2.95108 1.42275 
4.14354 3.55301 0.405045 1.45658 
-0.722126 -0.673057 -1.80866 0.758858 
-0.572328 -0.552501 -0.437144 -0.614783 
---------------------
Depth = 18-1.44596 -1.96069 -0.952239 -0.0249624 
0.328401 0.325866 -0.36471 2.53766 
2.53241 2.52313 3.07439 3.43303 
1.33253 0.522046 0.097754 0.991081 
---------------------
Depth = 191.70808 0.957441 0.511188 2.48795 
1.62925 -0.0391733 -0.781197 1.77364 
-0.692154 -0.518846 -1.77977 1.6618 
-0.162399 -0.0731091 -0.503718 0.838336 
---------------------
Depth = 201.67416 1.91099 0.826882 2.09056 
-0.0391099 -0.635847 -2.46087 0.966965 
-1.11346 -0.71999 -0.642625 0.0563456 
0.528742 0.390756 -0.184085 0.523364 
---------------------
Depth = 210.465463 -1.18017 -1.35596 2.09219 
0.668351 1.27711 -0.771171 3.16211 
-0.0601375 -0.122937 -0.690667 2.75667 
0.348049 0.270953 -0.0627588 0.00891765 
---------------------
Depth = 220.696216 1.76692 3.66963 2.94771 
6.1353 5.70734 4.33665 -1.05446 
-1.36313 -3.58382 -1.73452 -1.52004 
-1.01599 -0.855296 -1.00183 -1.35569 
---------------------
Depth = 23-0.771388 1.42704 1.33184 -1.12121 
0.752589 3.59007 1.11561 -0.148603 
-1.69097 0.463582 0.89384 0.667942 
0.414984 0.894441 -0.0839846 0.482457 
---------------------
Depth = 24-0.355628 0.457794 1.82166 0.20825 
-1.98531 -1.64099 -2.6298 -0.22954 
0.629669 1.80979 1.61747 0.126204 
0.705786 0.298455 0.00740693 0.96336 
---------------------
Depth = 251.55515 0.683925 1.26761 0.162312 
0.332697 -2.33059 0.919868 -0.153342 
0.272645 0.368222 1.41202 -0.733461 
-0.468443 -0.138046 0.297777 -0.178119 
---------------------
Depth = 263.17948 2.26079 1.04082 4.65887 
4.08945 0.318053 0.583805 0.430332 
1.36548 -2.05954 -2.59759 -0.305837 
-1.01507 -0.203013 0.285024 -0.174047 
---------------------
Depth = 271.96055 0.838921 0.334269 -1.07173 
-0.900799 -0.0351206 -4.05799 -1.89489 
-0.437803 3.8822 2.42312 0.835022 
4.41481 3.1872 0.667366 1.57486 
---------------------
Depth = 28-2.47136 -1.82332 -3.80267 0.0286108 
-1.88962 -1.70498 -0.610119 0.500745 
5.97277 4.31247 2.91788 2.5194 
1.8163 0.393271 2.00949 2.30469 
---------------------
Depth = 29-1.21945 -2.39297 0.276277 -0.623749 
5.0572 6.66788 6.43901 -1.14523 
-0.889044 -0.947005 0.240681 0.325286 
-0.20668 -0.0784908 -0.793221 -0.168776 
---------------------
Depth = 30-0.474563 -0.581159 1.38813 0.423216 
0.899725 2.45561 3.274 0.42187 
0.921592 -0.521343 1.1789 0.339734 
0.172231 -0.0591241 0.523283 0.153309 
---------------------
Depth = 312.98096 3.51923 2.88513 0.782017 
-0.61627 -2.21185 -4.80363 1.3089 
-2.00618 -0.489325 -1.48283 2.25138 
1.06989 1.29198 -0.972633 2.64441 
---------------------
Depth = 321.9211 0.448425 -2.06837 1.7798 
0.757862 -1.37201 -3.83134 2.16726 
-0.115369 0.645263 -1.76641 2.43592 
0.148203 0.332912 -0.367489 1.34919 
---------------------
Depth = 33-1.02443 -1.52535 -0.129405 -2.91771 
-1.30505 0.145926 0.712822 -1.18627 
0.166888 0.330221 3.20306 1.36485 
1.04762 1.19003 1.57797 0.92515 
---------------------
Depth = 34-1.93915 -1.40029 -3.83604 1.79031 
-1.12471 -1.94002 3.04283 2.87584 
4.48926 3.9268 2.59326 2.36806 
1.61274 0.473133 1.86781 2.90157 
---------------------
Depth = 350.561886 2.40522 0.689115 3.18758 
1.32567 1.65911 -1.84874 2.951 
-0.80223 -1.52612 -2.39541 1.88417 
0.0620716 -0.222388 -0.386012 1.13446 
---------------------
Depth = 36-2.0206 -2.29386 -3.10682 -3.75129 
-1.05078 1.13743 -0.124242 -1.77389 
1.62064 2.14325 3.2398 0.974948 
2.03801 2.01558 2.04353 0.787055 
---------------------
Depth = 37-2.31448 -1.88299 -0.462101 -3.57674 
-1.30126 -2.44806 1.32453 -2.13689 
3.07897 2.28663 4.71886 1.59347 
1.92382 0.982396 1.21886 1.85677 
---------------------
Depth = 381.08022 2.69496 2.49109 -0.0584597 
1.75737 -0.248786 2.0512 -0.259464 
0.131194 0.013238 0.894781 0.873777 
-0.407813 -0.440517 -0.28864 0.0714096 
---------------------
Depth = 39-1.24931 -0.859838 -1.49544 -0.317287 
-1.78039 0.120821 0.214224 -0.226604 
0.248487 0.675342 1.43861 1.22179 
1.18752 1.53295 2.05451 0.747629 
---------------------
Depth = 401.73785 0.313459 -1.47765 2.92001 
2.97239 0.996151 -1.28333 2.8342 
-0.966738 -1.43222 -2.76103 2.51626 
-0.255165 -0.0710271 -0.466017 0.979963 
---------------------
Depth = 410.641716 -0.0178846 -0.493524 -0.475679 
1.42947 3.55397 3.02064 1.1123 
-2.15487 -1.90743 -2.5088 -0.649362 
-0.816934 -0.462094 -0.729363 -0.798971 
---------------------
Depth = 422.94357 -2.26812 2.20655 7.55012 
3.03228 -4.07857 -1.34467 3.24685 
-2.31861 -2.88582 0.630207 1.6924 
-0.0184323 0.263712 0.675634 0.0462791 
---------------------
Depth = 43-0.398883 -2.04335 0.502419 -1.28227 
0.886742 -0.163232 2.80825 -0.394343 
0.906559 -0.408624 1.7539 0.327602 
0.180938 0.20891 1.7708 0.0434745 
---------------------
Depth = 44-2.3105 -2.11971 0.747997 2.18907 
4.27991 4.24724 3.70372 1.02543 
5.62145 0.147724 1.33921 0.854856 
-0.530846 -0.340072 0.902624 -0.289774 
---------------------
Depth = 45-2.19662 -2.06729 -2.69749 -0.456667 
3.45315 5.59491 3.94224 1.8897 
4.53915 4.06096 0.782969 0.392592 
-0.410852 -0.149163 -0.474258 -0.492112 
---------------------
Depth = 460.300776 -1.65446 0.839033 3.24438 
1.92372 -3.96493 0.790192 2.28689 
0.468727 -1.4441 0.495889 3.19782 
0.0874679 0.387698 1.36386 2.05774 
---------------------
Depth = 47-1.3716 -2.173 -1.1474 -1.92101 
2.72112 4.4227 3.31213 0.780275 
2.78302 0.501027 -1.42844 0.575188 
-0.335479 -0.148585 -0.466566 -0.662888 
---------------------
Depth = 48-0.299636 -0.430802 2.36089 -0.381143 
1.0651 0.867878 1.8894 -0.984744 
0.533442 0.782877 1.34348 -0.729062 
1.06199 -0.209216 0.573069 0.0851309 
---------------------
Depth = 49-0.639447 -0.958066 -0.202081 -0.183035 
1.00431 0.393805 1.1033 1.5661 
-0.113582 -0.568013 0.433234 1.39232 
-0.256228 -0.20059 -0.351953 0.767682 
---------------------
Depth = 00.985134 1.0798 -0.967372 -0.0606543 
1.36067 0.657352 -0.254609 0.0992369 
1.07921 -0.871225 -1.56574 -0.152365 
1.56797 2.5396 2.38866 -0.0248099 
---------------------
Depth = 10.973287 0.0157798 -0.315364 0.100862 
-0.0118945 -1.28905 0.0172977 0.217981 
-0.026328 -0.845301 -0.229375 0.703443 
1.62629 1.04368 0.647823 0.398958 
---------------------
Depth = 20.929038 0.0993159 -0.128322 -0.319639 
0.188798 -0.0247255 0.113249 0.353042 
0.91387 -1.14769 -0.738211 0.799699 
1.98036 1.7963 1.46096 0.538868 
---------------------
Depth = 30.703278 -0.938892 -1.8991 0.108428 
0.356249 0.839455 -0.84072 0.289242 
0.848018 1.35755 0.246913 0.776316 
0.85321 -0.432037 -1.67632 -0.599334 
---------------------
Depth = 42.41778 0.743167 0.854095 -0.133639 
0.420108 -2.17113 -1.21945 0.0939193 
-0.193717 -2.22111 -0.390617 0.6636 
3.29332 2.65731 2.08004 0.70911 
---------------------
Depth = 5-0.125757 -0.856704 -0.315283 -0.256009 
-0.551198 -0.961865 -1.01879 -0.555491 
3.37929 4.02887 1.93224 0.852262 
-1.64739 -1.94186 -0.907115 -0.431875 
---------------------
Depth = 61.36799 -0.347517 -1.21877 0.84106 
2.48141 -1.29662 1.21241 1.52554 
1.40891 -2.98137 0.632809 1.02561 
-2.48923 -2.62973 -1.9682 0.447725 
---------------------
Depth = 70.485975 0.285742 -0.815176 -0.0578247 
0.213544 0.0558714 -0.130981 0.227849 
0.13879 -0.376996 -0.2559 0.532744 
0.0311803 1.42448 1.33135 -0.384556 
---------------------
Depth = 82.48318 3.37984 -0.437535 -0.369031 
3.10621 0.545014 -0.756528 -0.2639 
1.70157 -1.53502 -1.24348 -0.26066 
3.1882 1.65563 0.730306 -0.0754197 
---------------------
Depth = 91.8633 1.26128 -0.408419 -0.462497 
-0.29352 -0.165144 -0.892578 -0.339354 
0.568165 -0.394421 -2.91523 -0.825332 
5.31806 5.51765 1.87576 0.0864198 
---------------------
Depth = 100.558599 1.47943 0.471901 0.210692 
-0.229305 -0.761473 -0.903254 -0.140538 
0.813808 0.844323 -0.576821 0.354522 
5.04284 4.23769 2.51449 1.11993 
---------------------
Depth = 111.86383 2.16399 -1.42455 -0.258063 
2.50081 0.672056 -0.68891 -0.132863 
2.41325 0.599347 1.26501 0.554471 
5.32692 4.22706 2.75756 0.744756 
---------------------
Depth = 120.905001 -2.30418 -0.336294 0.295687 
0.341507 0.673921 0.71569 0.388152 
0.477768 1.24819 1.12681 0.3552 
-1.22704 -0.0564142 -0.925323 0.169914 
---------------------
Depth = 132.72051 2.22891 -1.49114 -0.176623 
-0.956711 -0.952522 -0.845221 0.325534 
2.30064 -0.519939 0.867136 -0.116528 
3.27564 0.50199 1.433 -0.227087 
---------------------
Depth = 14-1.16995 0.32323 -0.63301 -0.0887489 
0.259813 1.021 -1.40774 -0.179206 
0.738036 2.44483 1.04616 0.164994 
-3.05782 -1.63444 0.373502 0.0806345 
---------------------
Depth = 15-1.58858 3.19676 4.26444 -0.332076 
-0.899258 4.20104 2.6148 0.267606 
-2.56723 2.16425 -0.822523 -0.102968 
0.924577 0.866377 1.02777 0.316945 
---------------------
Depth = 161.9141 -0.816486 -1.12857 -0.324391 
1.34288 -0.196609 0.183785 0.266692 
0.587339 -0.137956 0.286283 0.349381 
1.746 1.02365 0.305498 -0.101646 
---------------------
Depth = 17-0.351532 0.606988 -0.190251 -0.779823 
-0.976741 -2.48725 -2.26432 -0.739144 
6.04805 7.71304 6.747 -0.0190645 
-2.00774 -0.840748 1.54518 0.912073 
---------------------
Depth = 18-0.253273 -0.809699 1.24494 0.739587 
-1.25822 1.37828 0.719077 0.0801215 
0.57529 2.44234 2.26426 -0.269435 
-0.00274222 1.68355 0.46959 0.612804 
---------------------
Depth = 19-0.366605 0.953136 1.64406 -0.537362 
-0.657349 0.814203 1.24275 -0.145406 
0.120326 1.15368 0.970044 -0.049227 
-0.82422 -0.116852 0.953798 0.241265 
---------------------
Depth = 20-0.746682 -1.35673 0.689669 0.611962 
-0.990381 0.27989 0.974456 0.749431 
0.00566793 0.938945 2.05269 1.61691 
-0.55463 0.508808 0.585916 0.841594 
---------------------
Depth = 210.086912 0.507549 0.502696 -0.149696 
-0.915545 -1.37562 -0.0176264 0.0168734 
-0.309686 -0.367381 0.259319 -0.438039 
1.86984 2.23556 3.70491 2.74832 
---------------------
Depth = 221.56854 2.40209 -0.381825 -1.10129 
-1.46283 -1.6334 -2.14081 -0.850307 
4.28403 3.80041 1.68682 1.4851 
4.16191 1.52461 -0.69589 -1.35893 
---------------------
Depth = 231.92958 0.573478 1.5643 2.0668 
-0.58208 -3.42669 2.03678 1.53706 
2.53116 -0.0121453 2.58518 0.853396 
0.681158 -0.0855383 1.05287 0.22013 
---------------------
Depth = 241.16283 -3.01787 0.83551 0.199429 
1.25654 -1.80624 1.19909 0.596127 
1.1057 -1.68452 0.357103 0.888691 
-1.15422 -0.989015 -0.529078 -0.26719 
---------------------
Depth = 25-0.371509 0.708247 -1.19614 0.0754875 
0.784554 1.16501 -0.928595 0.476392 
1.11925 0.506297 -0.569947 0.194808 
1.02972 0.489376 1.44902 1.64674 
---------------------
Depth = 26-0.410897 2.82966 3.70501 -1.16314 
-0.0308521 3.03185 1.01759 -0.393099 
0.943464 4.38566 -1.25362 0.201958 
0.99815 -0.328214 -1.73335 -1.82112 
---------------------
Depth = 271.70079 -2.82195 -1.51153 0.0216643 
0.872338 0.48681 -0.16903 0.446642 
0.532956 -0.507859 0.871006 0.371091 
-3.84555 -3.7514 -3.64798 -0.643297 
---------------------
Depth = 28-1.3632 2.30662 2.26548 -0.182621 
0.0487389 2.95976 1.7766 0.471864 
-3.89947 -2.00732 -3.34813 0.354485 
5.24762 5.00741 3.32356 0.611007 
---------------------
Depth = 293.13406 3.88305 -1.38153 -0.749157 
-2.30922 -1.85326 -1.10772 -0.575489 
2.66337 0.40076 0.737619 0.1167 
6.25504 4.56781 4.59696 0.517018 
---------------------
Depth = 301.07374 2.12585 -0.183104 -0.208156 
0.188321 1.17937 -0.426203 -0.348809 
2.09812 -0.338977 0.741525 -0.0455209 
2.43415 1.10208 1.29561 -0.191124 
---------------------
Depth = 311.22783 -4.43758 0.14494 0.494678 
1.13328 1.2141 2.00564 0.604167 
2.45536 2.76802 1.92531 0.862937 
-5.00829 -1.35571 0.219359 0.228811 
---------------------
Depth = 320.346807 -1.19734 1.90844 0.117273 
0.341278 1.72268 1.6423 0.306411 
-0.924422 0.427935 -0.229946 0.0509615 
-2.01256 -1.31911 0.129306 0.0251405 
---------------------
Depth = 330.860102 -0.00909037 -1.20111 2.19105 
0.394713 0.395766 0.731588 2.17852 
-0.179507 -0.972872 0.450443 0.460014 
0.283008 0.219146 0.443033 0.93262 
---------------------
Depth = 34-1.34312 1.336 3.0016 0.802345 
0.11999 -0.938975 1.46166 0.36467 
-3.83371 0.614881 -0.90053 1.04343 
2.91675 2.77811 2.53159 2.41935 
---------------------
Depth = 351.15812 -1.88318 2.84714 -0.869259 
0.594818 0.514751 3.77999 -0.131008 
0.774656 3.48774 2.76647 0.245138 
-2.84717 0.496199 -0.684045 -0.0538741 
---------------------
Depth = 360.621324 -1.23539 0.297821 2.12625 
-0.12644 -0.709993 2.59126 2.34411 
-3.22316 -4.93708 0.326252 -0.132102 
2.38456 1.57638 1.62103 0.929776 
---------------------
Depth = 371.5066 1.00971 -1.67748 -0.125877 
1.78112 2.13403 -0.68811 0.278535 
0.118251 -1.35068 -3.14446 0.307818 
2.60788 3.30441 0.682191 -0.606399 
---------------------
Depth = 380.936783 1.27454 -0.0648408 -0.559459 
1.37378 0.598347 0.18399 -0.357501 
1.34899 0.815784 0.190066 -0.61625 
0.597262 0.985812 1.04467 -0.322439 
---------------------
Depth = 390.0836466 -0.788771 0.496774 0.781992 
0.0112986 -0.853143 1.12862 1.09085 
-1.41496 -2.42686 -0.0125739 0.54338 
0.988243 0.588596 1.26681 1.20879 
---------------------
Depth = 40-0.452887 1.37215 2.89017 -0.794783 
-1.42698 0.856478 0.958548 -0.401534 
0.38214 4.40617 2.25226 -0.832467 
-1.08139 1.7528 1.06695 0.0770688 
---------------------
Depth = 411.14612 1.23585 -0.507535 -0.0902586 
-1.34795 -3.25325 -1.7008 -0.340672 
2.00674 3.00608 3.49931 0.309208 
0.490543 3.28657 4.47415 2.96814 
---------------------
Depth = 42-2.49432 5.89482 0.192027 -0.201747 
-3.20867 6.87672 -4.47543 0.339283 
0.393631 4.23093 -2.77386 -0.569293 
-0.219681 -2.40431 -1.93667 -0.332707 
---------------------
Depth = 430.45638 2.641 -1.49633 0.187466 
0.887028 1.83026 -2.06348 0.285372 
2.05197 1.44261 -1.60722 -0.362238 
2.5061 1.31415 0.147387 0.329917 
---------------------
Depth = 441.61237 3.95964 0.990153 -0.461269 
-0.817498 0.725418 -1.84605 -0.404332 
0.933988 -0.181245 -1.039 0.152907 
5.30814 3.23841 0.542978 -0.629729 
---------------------
Depth = 451.78634 0.60139 2.24817 2.71821 
-0.810783 -2.27117 1.482 1.28953 
-2.78903 -1.80751 0.111456 0.544539 
4.24871 5.1364 4.34024 2.099 
---------------------
Depth = 46-1.8281 4.18755 0.629858 -0.162128 
-1.29353 4.05881 -3.76022 0.240722 
1.06834 3.85314 -2.30299 -0.85814 
0.425666 1.06556 -1.41061 -0.559339 
---------------------
Depth = 471.53162 1.88199 -0.507353 -0.121155 
-0.903311 -2.90758 -1.46073 -0.0232472 
-2.6293 -4.12293 -3.48296 -1.09339 
6.26273 7.20299 6.62879 1.93972 
---------------------
Depth = 481.36653 1.35284 -1.09406 -0.605228 
1.68685 1.10784 -1.16569 -0.366705 
1.36053 -0.051046 -0.0844647 -0.178492 
1.02618 -0.00864267 -0.601286 -0.313459 
---------------------
Depth = 490.505196 0.455688 0.270633 0.0748427 
-1.70806 -0.221993 0.263611 -0.0687068 
0.575553 1.14912 -0.00523526 -0.0279773 
0.665288 2.08101 1.50088 1.03129 
---------------------
Depth = 0-0.356846 -1.24538 -0.17037 -2.03183 
-1.70001 -1.26987 1.02195 -0.775817 
1.60457 2.24342 2.54981 1.90186 
1.82622 1.41951 1.23742 1.0992 
---------------------
Depth = 1-0.00159295 -0.0317061 -0.121963 0.317966 
0.938714 1.80383 0.841738 0.0532505 
-2.35684 -0.648765 -0.727838 -0.479286 
0.456601 0.356445 0.125169 0.147411 
---------------------
Depth = 2-1.38834 -0.699102 0.0805385 0.169527 
-0.0953539 -0.103633 1.10375 -0.325515 
1.2524 0.680117 1.84206 0.0138861 
-0.354459 -0.0043596 0.272874 0.134132 
---------------------
Depth = 31.8023 2.2018 0.89087 0.172759 
-1.34918 -1.96313 -1.69396 -2.17415 
-0.628689 0.707113 1.4774 -0.435281 
0.628033 0.589628 0.724057 0.265501 
---------------------
Depth = 4-0.928177 -0.20239 -0.177278 1.48164 
1.40791 4.2016 3.24458 -0.540917 
2.72949 0.745684 -1.68862 -0.518073 
-0.0743878 -0.0282052 -0.434108 -0.647195 
---------------------
Depth = 52.58377 4.57608 3.44613 0.334557 
3.45357 2.06702 -0.00644762 -0.555847 
-0.610905 -1.28043 -1.19838 -1.35252 
-0.511889 -0.47934 -0.260397 -0.359808 
---------------------
Depth = 61.21981 0.192186 3.05233 -2.12861 
-1.80922 -2.10762 -2.74028 -3.28538 
-2.85185 0.0519679 0.0276141 -0.54362 
1.54739 1.79428 0.331908 1.19432 
---------------------
Depth = 7-0.0630847 0.253023 1.64182 0.272385 
0.334511 -1.45127 0.748176 -0.519502 
-0.653199 -0.527524 0.672214 1.74869 
0.531731 0.586286 -0.229203 0.829719 
---------------------
Depth = 8-2.39332 -2.17969 1.06272 -0.990983 
0.628544 1.24033 4.20454 -1.29004 
1.90649 2.4422 1.52666 -0.803987 
-0.346581 -0.114327 1.0652 -0.455914 
---------------------
Depth = 9-3.41028 -3.33228 -1.90943 -2.72116 
3.24456 2.68248 3.39332 0.442983 
3.23453 1.30085 2.45247 1.37317 
-0.188519 -0.281365 0.0694627 0.618525 
---------------------
Depth = 10-3.28398 -3.58477 -0.827227 -0.442312 
3.61157 3.24612 3.07538 0.810571 
2.89956 1.74635 0.931059 -0.137034 
-0.185382 0.0195138 0.659895 -0.0735956 
---------------------
Depth = 112.12277 3.07977 2.71021 -0.664306 
-3.97513 -0.397533 2.53451 -1.62874 
3.26961 4.09404 1.31351 -0.158359 
-0.214092 0.123421 0.833913 -0.0229047 
---------------------
Depth = 122.23144 1.96155 0.759158 -0.678577 
-2.18829 -2.1965 -3.25745 -0.364208 
-0.382019 1.69707 1.72048 0.383188 
2.1539 1.80683 0.5341 1.28155 
---------------------
Depth = 130.438944 0.161838 1.55776 1.04399 
2.01102 3.83561 1.81348 -1.30246 
-1.38682 -1.41301 -0.120665 -1.2531 
0.279892 0.438773 0.0725577 -0.459174 
---------------------
Depth = 145.15357 1.51837 1.27434 2.65409 
0.862291 -1.09028 0.926804 1.91478 
-2.54878 -2.56849 -3.97567 -0.856056 
0.0636408 0.00748714 -0.0871133 -0.235098 
---------------------
Depth = 150.574449 -0.337807 -1.86931 3.27023 
0.831066 -0.670653 -1.51587 3.53806 
1.40248 0.192862 -1.34536 2.73726 
0.507654 -0.0700497 0.348907 0.671806 
---------------------
Depth = 160.569105 1.33103 0.842315 -0.136562 
-0.204595 0.749251 -0.542877 -1.76299 
0.143686 -0.282167 0.553043 0.444705 
0.65177 0.87588 0.371776 0.4392 
---------------------
Depth = 171.17179 2.00639 2.95108 1.42275 
4.14354 3.55301 0.405045 1.45658 
-0.722126 -0.673057 -1.80866 0.758858 
-0.572328 -0.552501 -0.437144 -0.614783 
---------------------
Depth = 18-1.44596 -1.96069 -0.952239 -0.0249624 
0.328401 0.325866 -0.36471 2.53766 
2.53241 2.52313 3.07439 3.43303 
1.33253 0.522046 0.097754 0.991081 
---------------------
Depth = 191.70808 0.957441 0.511188 2.48795 
1.62925 -0.0391733 -0.781197 1.77364 
-0.692154 -0.518846 -1.77977 1.6618 
-0.162399 -0.0731091 -0.503718 0.838336 
---------------------
Depth = 201.67416 1.91099 0.826882 2.09056 
-0.0391099 -0.635847 -2.46087 0.966965 
-1.11346 -0.71999 -0.642625 0.0563456 
0.528742 0.390756 -0.184085 0.523364 
---------------------
Depth = 210.465463 -1.18017 -1.35596 2.09219 
0.668351 1.27711 -0.771171 3.16211 
-0.0601375 -0.122937 -0.690667 2.75667 
0.348049 0.270953 -0.0627588 0.00891765 
---------------------
Depth = 220.696216 1.76692 3.66963 2.94771 
6.1353 5.70734 4.33665 -1.05446 
-1.36313 -3.58382 -1.73452 -1.52004 
-1.01599 -0.855296 -1.00183 -1.35569 
---------------------
Depth = 23-0.771388 1.42704 1.33184 -1.12121 
0.752589 3.59007 1.11561 -0.148603 
-1.69097 0.463582 0.89384 0.667942 
0.414984 0.894441 -0.0839846 0.482457 
---------------------
Depth = 24-0.355628 0.457794 1.82166 0.20825 
-1.98531 -1.64099 -2.6298 -0.22954 
0.629669 1.80979 1.61747 0.126204 
0.705786 0.298455 0.00740693 0.96336 
---------------------
Depth = 251.55515 0.683925 1.26761 0.162312 
0.332697 -2.33059 0.919868 -0.153342 
0.272645 0.368222 1.41202 -0.733461 
-0.468443 -0.138046 0.297777 -0.178119 
---------------------
Depth = 263.17948 2.26079 1.04082 4.65887 
4.08945 0.318053 0.583805 0.430332 
1.36548 -2.05954 -2.59759 -0.305837 
-1.01507 -0.203013 0.285024 -0.174047 
---------------------
Depth = 271.96055 0.838921 0.334269 -1.07173 
-0.900799 -0.0351206 -4.05799 -1.89489 
-0.437803 3.8822 2.42312 0.835022 
4.41481 3.1872 0.667366 1.57486 
---------------------
Depth = 28-2.47136 -1.82332 -3.80267 0.0286108 
-1.88962 -1.70498 -0.610119 0.500745 
5.97277 4.31247 2.91788 2.5194 
1.8163 0.393271 2.00949 2.30469 
---------------------
Depth = 29-1.21945 -2.39297 0.276277 -0.623749 
5.0572 6.66788 6.43901 -1.14523 
-0.889044 -0.947005 0.240681 0.325286 
-0.20668 -0.0784908 -0.793221 -0.168776 
---------------------
Depth = 30-0.474563 -0.581159 1.38813 0.423216 
0.899725 2.45561 3.274 0.42187 
0.921592 -0.521343 1.1789 0.339734 
0.172231 -0.0591241 0.523283 0.153309 
---------------------
Depth = 312.98096 3.51923 2.88513 0.782017 
-0.61627 -2.21185 -4.80363 1.3089 
-2.00618 -0.489325 -1.48283 2.25138 
1.06989 1.29198 -0.972633 2.64441 
---------------------
Depth = 321.9211 0.448425 -2.06837 1.7798 
0.757862 -1.37201 -3.83134 2.16726 
-0.115369 0.645263 -1.76641 2.43592 
0.148203 0.332912 -0.367489 1.34919 
---------------------
Depth = 33-1.02443 -1.52535 -0.129405 -2.91771 
-1.30505 0.145926 0.712822 -1.18627 
0.166888 0.330221 3.20306 1.36485 
1.04762 1.19003 1.57797 0.92515 
---------------------
Depth = 34-1.93915 -1.40029 -3.83604 1.79031 
-1.12471 -1.94002 3.04283 2.87584 
4.48926 3.9268 2.59326 2.36806 
1.61274 0.473133 1.86781 2.90157 
---------------------
Depth = 350.561886 2.40522 0.689115 3.18758 
1.32567 1.65911 -1.84874 2.951 
-0.80223 -1.52612 -2.39541 1.88417 
0.0620716 -0.222388 -0.386012 1.13446 
---------------------
Depth = 36-2.0206 -2.29386 -3.10682 -3.75129 
-1.05078 1.13743 -0.124242 -1.77389 
1.62064 2.14325 3.2398 0.974948 
2.03801 2.01558 2.04353 0.787055 
---------------------
Depth = 37-2.31448 -1.88299 -0.462101 -3.57674 
-1.30126 -2.44806 1.32453 -2.13689 
3.07897 2.28663 4.71886 1.59347 
1.92382 0.982396 1.21886 1.85677 
---------------------
Depth = 381.08022 2.69496 2.49109 -0.0584597 
1.75737 -0.248786 2.0512 -0.259464 
0.131194 0.013238 0.894781 0.873777 
-0.407813 -0.440517 -0.28864 0.0714096 
---------------------
Depth = 39-1.24931 -0.859838 -1.49544 -0.317287 
-1.78039 0.120821 0.214224 -0.226604 
0.248487 0.675342 1.43861 1.22179 
1.18752 1.53295 2.05451 0.747629 
---------------------
Depth = 401.73785 0.313459 -1.47765 2.92001 
2.97239 0.996151 -1.28333 2.8342 
-0.966738 -1.43222 -2.76103 2.51626 
-0.255165 -0.0710271 -0.466017 0.979963 
---------------------
Depth = 410.641716 -0.0178846 -0.493524 -0.475679 
1.42947 3.55397 3.02064 1.1123 
-2.15487 -1.90743 -2.5088 -0.649362 
-0.816934 -0.462094 -0.729363 -0.798971 
---------------------
Depth = 422.94357 -2.26812 2.20655 7.55012 
3.03228 -4.07857 -1.34467 3.24685 
-2.31861 -2.88582 0.630207 1.6924 
-0.0184323 0.263712 0.675634 0.0462791 
---------------------
Depth = 43-0.398883 -2.04335 0.502419 -1.28227 
0.886742 -0.163232 2.80825 -0.394343 
0.906559 -0.408624 1.7539 0.327602 
0.180938 0.20891 1.7708 0.0434745 
---------------------
Depth = 44-2.3105 -2.11971 0.747997 2.18907 
4.27991 4.24724 3.70372 1.02543 
5.62145 0.147724 1.33921 0.854856 
-0.530846 -0.340072 0.902624 -0.289774 
---------------------
Depth = 45-2.19662 -2.06729 -2.69749 -0.456667 
3.45315 5.59491 3.94224 1.8897 
4.53915 4.06096 0.782969 0.392592 
-0.410852 -0.149163 -0.474258 -0.492112 
---------------------
Depth = 460.300776 -1.65446 0.839033 3.24438 
1.92372 -3.96493 0.790192 2.28689 
0.468727 -1.4441 0.495889 3.19782 
0.0874679 0.387698 1.36386 2.05774 
---------------------
Depth = 47-1.3716 -2.173 -1.1474 -1.92101 
2.72112 4.4227 3.31213 0.780275 
2.78302 0.501027 -1.42844 0.575188 
-0.335479 -0.148585 -0.466566 -0.662888 
---------------------
Depth = 48-0.299636 -0.430802 2.36089 -0.381143 
1.0651 0.867878 1.8894 -0.984744 
0.533442 0.782877 1.34348 -0.729062 
1.06199 -0.209216 0.573069 0.0851309 
---------------------
Depth = 49-0.639447 -0.958066 -0.202081 -0.183035 
1.00431 0.393805 1.1033 1.5661 
-0.113582 -0.568013 0.433234 1.39232 
-0.256228 -0.20059 -0.351953 0.767682 
---------------------
Depth = 00.985134 1.0798 -0.967372 -0.0606543 
1.36067 0.657352 -0.254609 0.0992369 
1.07921 -0.871225 -1.56574 -0.152365 
1.56797 2.5396 2.38866 -0.0248099 
---------------------
Depth = 10.973287 0.0157798 -0.315364 0.100862 
-0.0118945 -1.28905 0.0172977 0.217981 
-0.026328 -0.845301 -0.229375 0.703443 
1.62629 1.04368 0.647823 0.398958 
---------------------
Depth = 20.929038 0.0993159 -0.128322 -0.319639 
0.188798 -0.0247255 0.113249 0.353042 
0.91387 -1.14769 -0.738211 0.799699 
1.98036 1.7963 1.46096 0.538868 
---------------------
Depth = 30.703278 -0.938892 -1.8991 0.108428 
0.356249 0.839455 -0.84072 0.289242 
0.848018 1.35755 0.246913 0.776316 
0.85321 -0.432037 -1.67632 -0.599334 
---------------------
Depth = 42.41778 0.743167 0.854095 -0.133639 
0.420108 -2.17113 -1.21945 0.0939193 
-0.193717 -2.22111 -0.390617 0.6636 
3.29332 2.65731 2.08004 0.70911 
---------------------
Depth = 5-0.125757 -0.856704 -0.315283 -0.256009 
-0.551198 -0.961865 -1.01879 -0.555491 
3.37929 4.02887 1.93224 0.852262 
-1.64739 -1.94186 -0.907115 -0.431875 
---------------------
Depth = 61.36799 -0.347517 -1.21877 0.84106 
2.48141 -1.29662 1.21241 1.52554 
1.40891 -2.98137 0.632809 1.02561 
-2.48923 -2.62973 -1.9682 0.447725 
---------------------
Depth = 70.485975 0.285742 -0.815176 -0.0578247 
0.213544 0.0558714 -0.130981 0.227849 
0.13879 -0.376996 -0.2559 0.532744 
0.0311803 1.42448 1.33135 -0.384556 
---------------------
Depth = 82.48318 3.37984 -0.437535 -0.369031 
3.10621 0.545014 -0.756528 -0.2639 
1.70157 -1.53502 -1.24348 -0.26066 
3.1882 1.65563 0.730306 -0.0754197 
---------------------
Depth = 91.8633 1.26128 -0.408419 -0.462497 
-0.29352 -0.165144 -0.892578 -0.339354 
0.568165 -0.394421 -2.91523 -0.825332 
5.31806 5.51765 1.87576 0.0864198 
---------------------
Depth = 100.558599 1.47943 0.471901 0.210692 
-0.229305 -0.761473 -0.903254 -0.140538 
0.813808 0.844323 -0.576821 0.354522 
5.04284 4.23769 2.51449 1.11993 
---------------------
Depth = 111.86383 2.16399 -1.42455 -0.258063 
2.50081 0.672056 -0.68891 -0.132863 
2.41325 0.599347 1.26501 0.554471 
5.32692 4.22706 2.75756 0.744756 
---------------------
Depth = 120.905001 -2.30418 -0.336294 0.295687 
0.341507 0.673921 0.71569 0.388152 
0.477768 1.24819 1.12681 0.3552 
-1.22704 -0.0564142 -0.925323 0.169914 
---------------------
Depth = 132.72051 2.22891 -1.49114 -0.176623 
-0.956711 -0.952522 -0.845221 0.325534 
2.30064 -0.519939 0.867136 -0.116528 
3.27564 0.50199 1.433 -0.227087 
---------------------
Depth = 14-1.16995 0.32323 -0.63301 -0.0887489 
0.259813 1.021 -1.40774 -0.179206 
0.738036 2.44483 1.04616 0.164994 
-3.05782 -1.63444 0.373502 0.0806345 
---------------------
Depth = 15-1.58858 3.19676 4.26444 -0.332076 
-0.899258 4.20104 2.6148 0.267606 
-2.56723 2.16425 -0.822523 -0.102968 
0.924577 0.866377 1.02777 0.316945 
---------------------
Depth = 161.9141 -0.816486 -1.12857 -0.324391 
1.34288 -0.196609 0.183785 0.266692 
0.587339 -0.137956 0.286283 0.349381 
1.746 1.02365 0.305498 -0.101646 
---------------------
Depth = 17-0.351532 0.606988 -0.190251 -0.779823 
-0.976741 -2.48725 -2.26432 -0.739144 
6.04805 7.71304 6.747 -0.0190645 
-2.00774 -0.840748 1.54518 0.912073 
---------------------
Depth = 18-0.253273 -0.809699 1.24494 0.739587 
-1.25822 1.37828 0.719077 0.0801215 
0.57529 2.44234 2.26426 -0.269435 
-0.00274222 1.68355 0.46959 0.612804 
---------------------
Depth = 19-0.366605 0.953136 1.64406 -0.537362 
-0.657349 0.814203 1.24275 -0.145406 
0.120326 1.15368 0.970044 -0.049227 
-0.82422 -0.116852 0.953798 0.241265 
---------------------
Depth = 20-0.746682 -1.35673 0.689669 0.611962 
-0.990381 0.27989 0.974456 0.749431 
0.00566793 0.938945 2.05269 1.61691 
-0.55463 0.508808 0.585916 0.841594 
---------------------
Depth = 210.086912 0.507549 0.502696 -0.149696 
-0.915545 -1.37562 -0.0176264 0.0168734 
-0.309686 -0.367381 0.259319 -0.438039 
1.86984 2.23556 3.70491 2.74832 
---------------------
Depth = 221.56854 2.40209 -0.381825 -1.10129 
-1.46283 -1.6334 -2.14081 -0.850307 
4.28403 3.80041 1.68682 1.4851 
4.16191 1.52461 -0.69589 -1.35893 
---------------------
Depth = 231.92958 0.573478 1.5643 2.0668 
-0.58208 -3.42669 2.03678 1.53706 
2.53116 -0.0121453 2.58518 0.853396 
0.681158 -0.0855383 1.05287 0.22013 
---------------------
Depth = 241.16283 -3.01787 0.83551 0.199429 
1.25654 -1.80624 1.19909 0.596127 
1.1057 -1.68452 0.357103 0.888691 
-1.15422 -0.989015 -0.529078 -0.26719 
---------------------
Depth = 25-0.371509 0.708247 -1.19614 0.0754875 
0.784554 1.16501 -0.928595 0.476392 
1.11925 0.506297 -0.569947 0.194808 
1.02972 0.489376 1.44902 1.64674 
---------------------
Depth = 26-0.410897 2.82966 3.70501 -1.16314 
-0.0308521 3.03185 1.01759 -0.393099 
0.943464 4.38566 -1.25362 0.201958 
0.99815 -0.328214 -1.73335 -1.82112 
---------------------
Depth = 271.70079 -2.82195 -1.51153 0.0216643 
0.872338 0.48681 -0.16903 0.446642 
0.532956 -0.507859 0.871006 0.371091 
-3.84555 -3.7514 -3.64798 -0.643297 
---------------------
Depth = 28-1.3632 2.30662 2.26548 -0.182621 
0.0487389 2.95976 1.7766 0.471864 
-3.89947 -2.00732 -3.34813 0.354485 
5.24762 5.00741 3.32356 0.611007 
---------------------
Depth = 293.13406 3.88305 -1.38153 -0.749157 
-2.30922 -1.85326 -1.10772 -0.575489 
2.66337 0.40076 0.737619 0.1167 
6.25504 4.56781 4.59696 0.517018 
---------------------
Depth = 301.07374 2.12585 -0.183104 -0.208156 
0.188321 1.17937 -0.426203 -0.348809 
2.09812 -0.338977 0.741525 -0.0455209 
2.43415 1.10208 1.29561 -0.191124 
---------------------
Depth = 311.22783 -4.43758 0.14494 0.494678 
1.13328 1.2141 2.00564 0.604167 
2.45536 2.76802 1.92531 0.862937 
-5.00829 -1.35571 0.219359 0.228811 
---------------------
Depth = 320.346807 -1.19734 1.90844 0.117273 
0.341278 1.72268 1.6423 0.306411 
-0.924422 0.427935 -0.229946 0.0509615 
-2.01256 -1.31911 0.129306 0.0251405 
---------------------
Depth = 330.860102 -0.00909037 -1.20111 2.19105 
0.394713 0.395766 0.731588 2.17852 
-0.179507 -0.972872 0.450443 0.460014 
0.283008 0.219146 0.443033 0.93262 
---------------------
Depth = 34-1.34312 1.336 3.0016 0.802345 
0.11999 -0.938975 1.46166 0.36467 
-3.83371 0.614881 -0.90053 1.04343 
2.91675 2.77811 2.53159 2.41935 
---------------------
Depth = 351.15812 -1.88318 2.84714 -0.869259 
0.594818 0.514751 3.77999 -0.131008 
0.774656 3.48774 2.76647 0.245138 
-2.84717 0.496199 -0.684045 -0.0538741 
---------------------
Depth = 360.621324 -1.23539 0.297821 2.12625 
-0.12644 -0.709993 2.59126 2.34411 
-3.22316 -4.93708 0.326252 -0.132102 
2.38456 1.57638 1.62103 0.929776 
---------------------
Depth = 371.5066 1.00971 -1.67748 -0.125877 
1.78112 2.13403 -0.68811 0.278535 
0.118251 -1.35068 -3.14446 0.307818 
2.60788 3.30441 0.682191 -0.606399 
---------------------
Depth = 380.936783 1.27454 -0.0648408 -0.559459 
1.37378 0.598347 0.18399 -0.357501 
1.34899 0.815784 0.190066 -0.61625 
0.597262 0.985812 1.04467 -0.322439 
---------------------
Depth = 390.0836466 -0.788771 0.496774 0.781992 
0.0112986 -0.853143 1.12862 1.09085 
-1.41496 -2.42686 -0.0125739 0.54338 
0.988243 0.588596 1.26681 1.20879 
---------------------
Depth = 40-0.452887 1.37215 2.89017 -0.794783 
-1.42698 0.856478 0.958548 -0.401534 
0.38214 4.40617 2.25226 -0.832467 
-1.08139 1.7528 1.06695 0.0770688 
---------------------
Depth = 411.14612 1.23585 -0.507535 -0.0902586 
-1.34795 -3.25325 -1.7008 -0.340672 
2.00674 3.00608 3.49931 0.309208 
0.490543 3.28657 4.47415 2.96814 
---------------------
Depth = 42-2.49432 5.89482 0.192027 -0.201747 
-3.20867 6.87672 -4.47543 0.339283 
0.393631 4.23093 -2.77386 -0.569293 
-0.219681 -2.40431 -1.93667 -0.332707 
---------------------
Depth = 430.45638 2.641 -1.49633 0.187466 
0.887028 1.83026 -2.06348 0.285372 
2.05197 1.44261 -1.60722 -0.362238 
2.5061 1.31415 0.147387 0.329917 
---------------------
Depth = 441.61237 3.95964 0.990153 -0.461269 
-0.817498 0.725418 -1.84605 -0.404332 
0.933988 -0.181245 -1.039 0.152907 
5.30814 3.23841 0.542978 -0.629729 
---------------------
Depth = 451.78634 0.60139 2.24817 2.71821 
-0.810783 -2.27117 1.482 1.28953 
-2.78903 -1.80751 0.111456 0.544539 
4.24871 5.1364 4.34024 2.099 
---------------------
Depth = 46-1.8281 4.18755 0.629858 -0.162128 
-1.29353 4.05881 -3.76022 0.240722 
1.06834 3.85314 -2.30299 -0.85814 
0.425666 1.06556 -1.41061 -0.559339 
---------------------
Depth = 471.53162 1.88199 -0.507353 -0.121155 
-0.903311 -2.90758 -1.46073 -0.0232472 
-2.6293 -4.12293 -3.48296 -1.09339 
6.26273 7.20299 6.62879 1.93972 
---------------------
Depth = 481.36653 1.35284 -1.09406 -0.605228 
1.68685 1.10784 -1.16569 -0.366705 
1.36053 -0.051046 -0.0844647 -0.178492 
1.02618 -0.00864267 -0.601286 -0.313459 
---------------------
Depth = 490.505196 0.455688 0.270633 0.0748427 
-1.70806 -0.221993 0.263611 -0.0687068 
0.575553 1.14912 -0.00523526 -0.0279773 
0.665288 2.08101 1.50088 1.03129 
---------------------
Depth = 00.985134 1.0798 -0.967372 -0.0606543 
1.36067 0.657352 -0.254609 0.0992369 
1.07921 -0.871225 -1.56574 -0.152365 
1.56797 2.5396 2.38866 -0.0248099 
---------------------
Depth = 10.973287 0.0157798 -0.315364 0.100862 
-0.0118945 -1.28905 0.0172977 0.217981 
-0.026328 -0.845301 -0.229375 0.703443 
1.62629 1.04368 0.647823 0.398958 
---------------------
Depth = 20.929038 0.0993159 -0.128322 -0.319639 
0.188798 -0.0247255 0.113249 0.353042 
0.91387 -1.14769 -0.738211 0.799699 
1.98036 1.7963 1.46096 0.538868 
---------------------
Depth = 30.703278 -0.938892 -1.8991 0.108428 
0.356249 0.839455 -0.84072 0.289242 
0.848018 1.35755 0.246913 0.776316 
0.85321 -0.432037 -1.67632 -0.599334 
---------------------
Depth = 42.41778 0.743167 0.854095 -0.133639 
0.420108 -2.17113 -1.21945 0.0939193 
-0.193717 -2.22111 -0.390617 0.6636 
3.29332 2.65731 2.08004 0.70911 
---------------------
Depth = 5-0.125757 -0.856704 -0.315283 -0.256009 
-0.551198 -0.961865 -1.01879 -0.555491 
3.37929 4.02887 1.93224 0.852262 
-1.64739 -1.94186 -0.907115 -0.431875 
---------------------
Depth = 61.36799 -0.347517 -1.21877 0.84106 
2.48141 -1.29662 1.21241 1.52554 
1.40891 -2.98137 0.632809 1.02561 
-2.48923 -2.62973 -1.9682 0.447725 
---------------------
Depth = 70.485975 0.285742 -0.815176 -0.0578247 
0.213544 0.0558714 -0.130981 0.227849 
0.13879 -0.376996 -0.2559 0.532744 
0.0311803 1.42448 1.33135 -0.384556 
---------------------
Depth = 82.48318 3.37984 -0.437535 -0.369031 
3.10621 0.545014 -0.756528 -0.2639 
1.70157 -1.53502 -1.24348 -0.26066 
3.1882 1.65563 0.730306 -0.0754197 
---------------------
Depth = 91.8633 1.26128 -0.408419 -0.462497 
-0.29352 -0.165144 -0.892578 -0.339354 
0.568165 -0.394421 -2.91523 -0.825332 
5.31806 5.51765 1.87576 0.0864198 
---------------------
Depth = 100.558599 1.47943 0.471901 0.210692 
-0.229305 -0.761473 -0.903254 -0.140538 
0.813808 0.844323 -0.576821 0.354522 
5.04284 4.23769 2.51449 1.11993 
---------------------
Depth = 111.86383 2.16399 -1.42455 -0.258063 
2.50081 0.672056 -0.68891 -0.132863 
2.41325 0.599347 1.26501 0.554471 
5.32692 4.22706 2.75756 0.744756 
---------------------
Depth = 120.905001 -2.30418 -0.336294 0.295687 
0.341507 0.673921 0.71569 0.388152 
0.477768 1.24819 1.12681 0.3552 
-1.22704 -0.0564142 -0.925323 0.169914 
---------------------
Depth = 132.72051 2.22891 -1.49114 -0.176623 
-0.956711 -0.952522 -0.845221 0.325534 
2.30064 -0.519939 0.867136 -0.116528 
3.27564 0.50199 1.433 -0.227087 
---------------------
Depth = 14-1.16995 0.32323 -0.63301 -0.0887489 
0.259813 1.021 -1.40774 -0.179206 
0.738036 2.44483 1.04616 0.164994 
-3.05782 -1.63444 0.373502 0.0806345 
---------------------
Depth = 15-1.58858 3.19676 4.26444 -0.332076 
-0.899258 4.20104 2.6148 0.267606 
-2.56723 2.16425 -0.822523 -0.102968 
0.924577 0.866377 1.02777 0.316945 
---------------------
Depth = 161.9141 -0.816486 -1.12857 -0.324391 
1.34288 -0.196609 0.183785 0.266692 
0.587339 -0.137956 0.286283 0.349381 
1.746 1.02365 0.305498 -0.101646 
---------------------
Depth = 17-0.351532 0.606988 -0.190251 -0.779823 
-0.976741 -2.48725 -2.26432 -0.739144 
6.04805 7.71304 6.747 -0.0190645 
-2.00774 -0.840748 1.54518 0.912073 
---------------------
Depth = 18-0.253273 -0.809699 1.24494 0.739587 
-1.25822 1.37828 0.719077 0.0801215 
0.57529 2.44234 2.26426 -0.269435 
-0.00274222 1.68355 0.46959 0.612804 
---------------------
Depth = 19-0.366605 0.953136 1.64406 -0.537362 
-0.657349 0.814203 1.24275 -0.145406 
0.120326 1.15368 0.970044 -0.049227 
-0.82422 -0.116852 0.953798 0.241265 
---------------------
Depth = 20-0.746682 -1.35673 0.689669 0.611962 
-0.990381 0.27989 0.974456 0.749431 
0.00566793 0.938945 2.05269 1.61691 
-0.55463 0.508808 0.585916 0.841594 
---------------------
Depth = 210.086912 0.507549 0.502696 -0.149696 
-0.915545 -1.37562 -0.0176264 0.0168734 
-0.309686 -0.367381 0.259319 -0.438039 
1.86984 2.23556 3.70491 2.74832 
---------------------
Depth = 221.56854 2.40209 -0.381825 -1.10129 
-1.46283 -1.6334 -2.14081 -0.850307 
4.28403 3.80041 1.68682 1.4851 
4.16191 1.52461 -0.69589 -1.35893 
---------------------
Depth = 231.92958 0.573478 1.5643 2.0668 
-0.58208 -3.42669 2.03678 1.53706 
2.53116 -0.0121453 2.58518 0.853396 
0.681158 -0.0855383 1.05287 0.22013 
---------------------
Depth = 241.16283 -3.01787 0.83551 0.199429 
1.25654 -1.80624 1.19909 0.596127 
1.1057 -1.68452 0.357103 0.888691 
-1.15422 -0.989015 -0.529078 -0.26719 
---------------------
Depth = 25-0.371509 0.708247 -1.19614 0.0754875 
0.784554 1.16501 -0.928595 0.476392 
1.11925 0.506297 -0.569947 0.194808 
1.02972 0.489376 1.44902 1.64674 
---------------------
Depth = 26-0.410897 2.82966 3.70501 -1.16314 
-0.0308521 3.03185 1.01759 -0.393099 
0.943464 4.38566 -1.25362 0.201958 
0.99815 -0.328214 -1.73335 -1.82112 
---------------------
Depth = 271.70079 -2.82195 -1.51153 0.0216643 
0.872338 0.48681 -0.16903 0.446642 
0.532956 -0.507859 0.871006 0.371091 
-3.84555 -3.7514 -3.64798 -0.643297 
---------------------
Depth = 28-1.3632 2.30662 2.26548 -0.182621 
0.0487389 2.95976 1.7766 0.471864 
-3.89947 -2.00732 -3.34813 0.354485 
5.24762 5.00741 3.32356 0.611007 
---------------------
Depth = 293.13406 3.88305 -1.38153 -0.749157 
-2.30922 -1.85326 -1.10772 -0.575489 
2.66337 0.40076 0.737619 0.1167 
6.25504 4.56781 4.59696 0.517018 
---------------------
Depth = 301.07374 2.12585 -0.183104 -0.208156 
0.188321 1.17937 -0.426203 -0.348809 
2.09812 -0.338977 0.741525 -0.0455209 
2.43415 1.10208 1.29561 -0.191124 
---------------------
Depth = 311.22783 -4.43758 0.14494 0.494678 
1.13328 1.2141 2.00564 0.604167 
2.45536 2.76802 1.92531 0.862937 
-5.00829 -1.35571 0.219359 0.228811 
---------------------
Depth = 320.346807 -1.19734 1.90844 0.117273 
0.341278 1.72268 1.6423 0.306411 
-0.924422 0.427935 -0.229946 0.0509615 
-2.01256 -1.31911 0.129306 0.0251405 
---------------------
Depth = 330.860102 -0.00909037 -1.20111 2.19105 
0.394713 0.395766 0.731588 2.17852 
-0.179507 -0.972872 0.450443 0.460014 
0.283008 0.219146 0.443033 0.93262 
---------------------
Depth = 34-1.34312 1.336 3.0016 0.802345 
0.11999 -0.938975 1.46166 0.36467 
-3.83371 0.614881 -0.90053 1.04343 
2.91675 2.77811 2.53159 2.41935 
---------------------
Depth = 351.15812 -1.88318 2.84714 -0.869259 
0.594818 0.514751 3.77999 -0.131008 
0.774656 3.48774 2.76647 0.245138 
-2.84717 0.496199 -0.684045 -0.0538741 
---------------------
Depth = 360.621324 -1.23539 0.297821 2.12625 
-0.12644 -0.709993 2.59126 2.34411 
-3.22316 -4.93708 0.326252 -0.132102 
2.38456 1.57638 1.62103 0.929776 
---------------------
Depth = 371.5066 1.00971 -1.67748 -0.125877 
1.78112 2.13403 -0.68811 0.278535 
0.118251 -1.35068 -3.14446 0.307818 
2.60788 3.30441 0.682191 -0.606399 
---------------------
Depth = 380.936783 1.27454 -0.0648408 -0.559459 
1.37378 0.598347 0.18399 -0.357501 
1.34899 0.815784 0.190066 -0.61625 
0.597262 0.985812 1.04467 -0.322439 
---------------------
Depth = 390.0836466 -0.788771 0.496774 0.781992 
0.0112986 -0.853143 1.12862 1.09085 
-1.41496 -2.42686 -0.0125739 0.54338 
0.988243 0.588596 1.26681 1.20879 
---------------------
Depth = 40-0.452887 1.37215 2.89017 -0.794783 
-1.42698 0.856478 0.958548 -0.401534 
0.38214 4.40617 2.25226 -0.832467 
-1.08139 1.7528 1.06695 0.0770688 
---------------------
Depth = 411.14612 1.23585 -0.507535 -0.0902586 
-1.34795 -3.25325 -1.7008 -0.340672 
2.00674 3.00608 3.49931 0.309208 
0.490543 3.28657 4.47415 2.96814 
---------------------
Depth = 42-2.49432 5.89482 0.192027 -0.201747 
-3.20867 6.87672 -4.47543 0.339283 
0.393631 4.23093 -2.77386 -0.569293 
-0.219681 -2.40431 -1.93667 -0.332707 
---------------------
Depth = 430.45638 2.641 -1.49633 0.187466 
0.887028 1.83026 -2.06348 0.285372 
2.05197 1.44261 -1.60722 -0.362238 
2.5061 1.31415 0.147387 0.329917 
---------------------
Depth = 441.61237 3.95964 0.990153 -0.461269 
-0.817498 0.725418 -1.84605 -0.404332 
0.933988 -0.181245 -1.039 0.152907 
5.30814 3.23841 0.542978 -0.629729 
---------------------
Depth = 451.78634 0.60139 2.24817 2.71821 
-0.810783 -2.27117 1.482 1.28953 
-2.78903 -1.80751 0.111456 0.544539 
4.24871 5.1364 4.34024 2.099 
---------------------
Depth = 46-1.8281 4.18755 0.629858 -0.162128 
-1.29353 4.05881 -3.76022 0.240722 
1.06834 3.85314 -2.30299 -0.85814 
0.425666 1.06556 -1.41061 -0.559339 
---------------------
Depth = 471.53162 1.88199 -0.507353 -0.121155 
-0.903311 -2.90758 -1.46073 -0.0232472 
-2.6293 -4.12293 -3.48296 -1.09339 
6.26273 7.20299 6.62879 1.93972 
---------------------
Depth = 481.36653 1.35284 -1.09406 -0.605228 
1.68685 1.10784 -1.16569 -0.366705 
1.36053 -0.051046 -0.0844647 -0.178492 
1.02618 -0.00864267 -0.601286 -0.313459 
---------------------
Depth = 490.505196 0.455688 0.270633 0.0748427 
-1.70806 -0.221993 0.263611 -0.0687068 
0.575553 1.14912 -0.00523526 -0.0279773 
0.665288 2.08101 1.50088 1.03129 
---------------------
Depth = 00.985133 1.0798 -0.967372 -0.0606542 
1.36067 0.657352 -0.254609 0.099237 
1.07921 -0.871225 -1.56574 -0.152365 
1.56797 2.5396 2.38866 -0.0248098 
---------------------
Depth = 10.973287 0.0157797 -0.315364 0.100862 
-0.0118945 -1.28905 0.0172977 0.217981 
-0.0263279 -0.8453 -0.229375 0.703443 
1.62629 1.04368 0.647823 0.398958 
---------------------
Depth = 20.929038 0.0993159 -0.128322 -0.319639 
0.188798 -0.0247253 0.113249 0.353042 
0.91387 -1.14769 -0.73821 0.799699 
1.98036 1.7963 1.46096 0.538868 
---------------------
Depth = 30.703278 -0.938892 -1.8991 0.108428 
0.356249 0.839455 -0.84072 0.289242 
0.848018 1.35755 0.246913 0.776316 
0.85321 -0.432037 -1.67632 -0.599334 
---------------------
Depth = 42.41778 0.743167 0.854095 -0.133639 
0.420108 -2.17113 -1.21945 0.0939192 
-0.193717 -2.22111 -0.390617 0.6636 
3.29332 2.65731 2.08004 0.709109 
---------------------
Depth = 5-0.125757 -0.856704 -0.315283 -0.256009 
-0.551198 -0.961865 -1.01879 -0.555491 
3.37929 4.02887 1.93224 0.852262 
-1.64739 -1.94186 -0.907115 -0.431875 
---------------------
Depth = 61.36799 -0.347518 -1.21877 0.84106 
2.48141 -1.29662 1.21241 1.52554 
1.40891 -2.98137 0.632809 1.02561 
-2.48923 -2.62973 -1.9682 0.447725 
---------------------
Depth = 70.485975 0.285741 -0.815176 -0.0578247 
0.213544 0.0558713 -0.130981 0.227849 
0.13879 -0.376996 -0.2559 0.532744 
0.0311803 1.42448 1.33135 -0.384556 
---------------------
Depth = 82.48318 3.37984 -0.437535 -0.369031 
3.10621 0.545014 -0.756528 -0.2639 
1.70157 -1.53502 -1.24348 -0.26066 
3.1882 1.65563 0.730306 -0.0754197 
---------------------
Depth = 91.8633 1.26128 -0.408419 -0.462497 
-0.29352 -0.165144 -0.892578 -0.339354 
0.568165 -0.394421 -2.91523 -0.825332 
5.31806 5.51765 1.87576 0.0864198 
---------------------
Depth = 100.558599 1.47943 0.471901 0.210692 
-0.229304 -0.761473 -0.903254 -0.140538 
0.813808 0.844323 -0.576821 0.354522 
5.04284 4.23769 2.51449 1.11993 
---------------------
Depth = 111.86383 2.16399 -1.42455 -0.258063 
2.50081 0.672056 -0.68891 -0.132863 
2.41325 0.599347 1.26501 0.554471 
5.32692 4.22706 2.75756 0.744756 
---------------------
Depth = 120.905 -2.30418 -0.336294 0.295687 
0.341507 0.673921 0.71569 0.388152 
0.477768 1.24819 1.12681 0.3552 
-1.22704 -0.0564143 -0.925323 0.169914 
---------------------
Depth = 132.72051 2.22891 -1.49114 -0.176623 
-0.956711 -0.952522 -0.845221 0.325534 
2.30064 -0.519939 0.867135 -0.116528 
3.27564 0.50199 1.433 -0.227087 
---------------------
Depth = 14-1.16995 0.32323 -0.63301 -0.0887489 
0.259813 1.021 -1.40773 -0.179206 
0.738036 2.44483 1.04616 0.164994 
-3.05782 -1.63444 0.373502 0.0806345 
---------------------
Depth = 15-1.58858 3.19676 4.26444 -0.332076 
-0.899258 4.20104 2.6148 0.267606 
-2.56723 2.16425 -0.822523 -0.102968 
0.924577 0.866377 1.02777 0.316945 
---------------------
Depth = 161.9141 -0.816486 -1.12857 -0.324391 
1.34288 -0.196609 0.183785 0.266692 
0.587339 -0.137957 0.286283 0.349381 
1.746 1.02365 0.305497 -0.101646 
---------------------
Depth = 17-0.351531 0.606988 -0.190252 -0.779822 
-0.976741 -2.48725 -2.26432 -0.739144 
6.04805 7.71304 6.747 -0.0190644 
-2.00774 -0.840748 1.54518 0.912073 
---------------------
Depth = 18-0.253273 -0.809699 1.24494 0.739587 
-1.25822 1.37828 0.719077 0.0801215 
0.57529 2.44234 2.26426 -0.269435 
-0.00274222 1.68355 0.46959 0.612804 
---------------------
Depth = 19-0.366605 0.953136 1.64406 -0.537362 
-0.657349 0.814203 1.24275 -0.145406 
0.120326 1.15368 0.970044 -0.0492271 
-0.82422 -0.116852 0.953798 0.241265 
---------------------
Depth = 20-0.746682 -1.35673 0.689669 0.611962 
-0.990381 0.27989 0.974456 0.749431 
0.00566807 0.938945 2.05269 1.61691 
-0.55463 0.508808 0.585916 0.841594 
---------------------
Depth = 210.0869122 0.507549 0.502696 -0.149696 
-0.915545 -1.37562 -0.0176263 0.0168734 
-0.309685 -0.367381 0.259319 -0.438039 
1.86984 2.23556 3.70491 2.74832 
---------------------
Depth = 221.56854 2.40209 -0.381825 -1.10129 
-1.46283 -1.6334 -2.14081 -0.850307 
4.28403 3.80041 1.68682 1.4851 
4.16191 1.52461 -0.69589 -1.35893 
---------------------
Depth = 231.92958 0.573478 1.5643 2.0668 
-0.58208 -3.42669 2.03679 1.53706 
2.53116 -0.0121454 2.58518 0.853396 
0.681158 -0.0855384 1.05287 0.22013 
---------------------
Depth = 241.16283 -3.01787 0.83551 0.199429 
1.25654 -1.80624 1.19909 0.596127 
1.1057 -1.68452 0.357103 0.888691 
-1.15422 -0.989015 -0.529078 -0.26719 
---------------------
Depth = 25-0.371509 0.708246 -1.19614 0.0754875 
0.784554 1.16501 -0.928595 0.476392 
1.11925 0.506297 -0.569947 0.194808 
1.02972 0.489376 1.44902 1.64674 
---------------------
Depth = 26-0.410896 2.82966 3.70501 -1.16314 
-0.0308521 3.03185 1.01759 -0.393099 
0.943464 4.38565 -1.25362 0.201958 
0.99815 -0.328214 -1.73335 -1.82112 
---------------------
Depth = 271.70079 -2.82195 -1.51153 0.0216643 
0.872339 0.48681 -0.16903 0.446642 
0.532956 -0.507859 0.871006 0.371091 
-3.84555 -3.7514 -3.64798 -0.643297 
---------------------
Depth = 28-1.3632 2.30662 2.26548 -0.182621 
0.0487394 2.95976 1.7766 0.471864 
-3.89947 -2.00732 -3.34813 0.354485 
5.24762 5.00741 3.32356 0.611007 
---------------------
Depth = 293.13406 3.88305 -1.38153 -0.749157 
-2.30922 -1.85326 -1.10772 -0.575489 
2.66337 0.40076 0.737619 0.1167 
6.25504 4.56781 4.59696 0.517018 
---------------------
Depth = 301.07374 2.12585 -0.183104 -0.208156 
0.188321 1.17937 -0.426202 -0.348809 
2.09812 -0.338977 0.741526 -0.0455209 
2.43415 1.10208 1.29561 -0.191124 
---------------------
Depth = 311.22783 -4.43758 0.144941 0.494678 
1.13328 1.2141 2.00564 0.604167 
2.45536 2.76802 1.92531 0.862937 
-5.00829 -1.35571 0.219359 0.228811 
---------------------
Depth = 320.346807 -1.19734 1.90844 0.117273 
0.341278 1.72268 1.6423 0.306411 
-0.924422 0.427935 -0.229946 0.0509615 
-2.01256 -1.31911 0.129306 0.0251406 
---------------------
Depth = 330.860102 -0.00909048 -1.20111 2.19105 
0.394713 0.395765 0.731588 2.17852 
-0.179507 -0.972872 0.450443 0.460014 
0.283008 0.219146 0.443033 0.93262 
---------------------
Depth = 34-1.34312 1.336 3.0016 0.802345 
0.11999 -0.938975 1.46166 0.36467 
-3.83371 0.614881 -0.90053 1.04343 
2.91675 2.77811 2.53159 2.41935 
---------------------
Depth = 351.15812 -1.88318 2.84714 -0.869259 
0.594817 0.514751 3.77999 -0.131008 
0.774656 3.48774 2.76647 0.245138 
-2.84717 0.496199 -0.684045 -0.0538741 
---------------------
Depth = 360.621324 -1.23539 0.297821 2.12625 
-0.12644 -0.709993 2.59126 2.34411 
-3.22316 -4.93708 0.326252 -0.132102 
2.38456 1.57638 1.62103 0.929776 
---------------------
Depth = 371.5066 1.00971 -1.67748 -0.125877 
1.78112 2.13403 -0.68811 0.278535 
0.118251 -1.35068 -3.14446 0.307817 
2.60788 3.30441 0.682191 -0.606399 
---------------------
Depth = 380.936783 1.27455 -0.0648409 -0.559459 
1.37378 0.598347 0.18399 -0.357501 
1.34899 0.815784 0.190066 -0.61625 
0.597262 0.985812 1.04467 -0.322439 
---------------------
Depth = 390.0836468 -0.78877 0.496774 0.781992 
0.0112987 -0.853142 1.12862 1.09085 
-1.41496 -2.42686 -0.012574 0.54338 
0.988243 0.588596 1.26681 1.20879 
---------------------
Depth = 40-0.452887 1.37215 2.89017 -0.794783 
-1.42698 0.856478 0.958548 -0.401534 
0.38214 4.40617 2.25226 -0.832467 
-1.08139 1.7528 1.06695 0.0770688 
---------------------
Depth = 411.14612 1.23585 -0.507535 -0.0902586 
-1.34795 -3.25325 -1.7008 -0.340672 
2.00674 3.00608 3.49931 0.309208 
0.490543 3.28657 4.47415 2.96814 
---------------------
Depth = 42-2.49432 5.89482 0.192027 -0.201747 
-3.20867 6.87672 -4.47543 0.339283 
0.393632 4.23093 -2.77386 -0.569293 
-0.219681 -2.40431 -1.93667 -0.332707 
---------------------
Depth = 430.45638 2.641 -1.49633 0.187466 
0.887028 1.83026 -2.06348 0.285372 
2.05197 1.44261 -1.60722 -0.362238 
2.5061 1.31415 0.147387 0.329917 
---------------------
Depth = 441.61237 3.95964 0.990154 -0.461269 
-0.817497 0.725418 -1.84605 -0.404332 
0.933988 -0.181245 -1.039 0.152907 
5.30814 3.23841 0.542978 -0.629729 
---------------------
Depth = 451.78634 0.60139 2.24817 2.71821 
-0.810783 -2.27117 1.482 1.28953 
-2.78903 -1.80751 0.111456 0.544539 
4.24871 5.1364 4.34024 2.099 
---------------------
Depth = 46-1.8281 4.18755 0.629857 -0.162127 
-1.29353 4.05881 -3.76022 0.240722 
1.06834 3.85314 -2.30299 -0.85814 
0.425666 1.06556 -1.41061 -0.559339 
---------------------
Depth = 471.53162 1.88199 -0.507353 -0.121155 
-0.903312 -2.90758 -1.46073 -0.0232472 
-2.6293 -4.12293 -3.48296 -1.09339 
6.26273 7.20299 6.62879 1.93972 
---------------------
Depth = 481.36653 1.35284 -1.09406 -0.605228 
1.68685 1.10784 -1.16569 -0.366705 
1.36053 -0.0510458 -0.0844647 -0.178492 
1.02618 -0.00864258 -0.601286 -0.313459 
---------------------
Depth = 490.505196 0.455688 0.270633 0.0748427 
-1.70806 -0.221993 0.263611 -0.0687068 
0.575553 1.14912 -0.00523519 -0.0279773 
0.665287 2.08101 1.50088 1.03129 
---------------------
Depth = 00.985133 1.0798 -0.967372 -0.0606542 
1.36067 0.657352 -0.254609 0.099237 
1.07921 -0.871225 -1.56574 -0.152365 
1.56797 2.5396 2.38866 -0.0248098 
---------------------
Depth = 10.973287 0.0157797 -0.315364 0.100862 
-0.0118945 -1.28905 0.0172977 0.217981 
-0.0263279 -0.8453 -0.229375 0.703443 
1.62629 1.04368 0.647823 0.398958 
---------------------
Depth = 20.929038 0.0993159 -0.128322 -0.319639 
0.188798 -0.0247253 0.113249 0.353042 
0.91387 -1.14769 -0.73821 0.799699 
1.98036 1.7963 1.46096 0.538868 
---------------------
Depth = 30.703278 -0.938892 -1.8991 0.108428 
0.356249 0.839455 -0.84072 0.289242 
0.848018 1.35755 0.246913 0.776316 
0.85321 -0.432037 -1.67632 -0.599334 
---------------------
Depth = 42.41778 0.743167 0.854095 -0.133639 
0.420108 -2.17113 -1.21945 0.0939192 
-0.193717 -2.22111 -0.390617 0.6636 
3.29332 2.65731 2.08004 0.709109 
---------------------
Depth = 5-0.125757 -0.856704 -0.315283 -0.256009 
-0.551198 -0.961865 -1.01879 -0.555491 
3.37929 4.02887 1.93224 0.852262 
-1.64739 -1.94186 -0.907115 -0.431875 
---------------------
Depth = 61.36799 -0.347518 -1.21877 0.84106 
2.48141 -1.29662 1.21241 1.52554 
1.40891 -2.98137 0.632809 1.02561 
-2.48923 -2.62973 -1.9682 0.447725 
---------------------
Depth = 70.485975 0.285741 -0.815176 -0.0578247 
0.213544 0.0558713 -0.130981 0.227849 
0.13879 -0.376996 -0.2559 0.532744 
0.0311803 1.42448 1.33135 -0.384556 
---------------------
Depth = 82.48318 3.37984 -0.437535 -0.369031 
3.10621 0.545014 -0.756528 -0.2639 
1.70157 -1.53502 -1.24348 -0.26066 
3.1882 1.65563 0.730306 -0.0754197 
---------------------
Depth = 91.8633 1.26128 -0.408419 -0.462497 
-0.29352 -0.165144 -0.892578 -0.339354 
0.568165 -0.394421 -2.91523 -0.825332 
5.31806 5.51765 1.87576 0.0864198 
---------------------
Depth = 100.558599 1.47943 0.471901 0.210692 
-0.229304 -0.761473 -0.903254 -0.140538 
0.813808 0.844323 -0.576821 0.354522 
5.04284 4.23769 2.51449 1.11993 
---------------------
Depth = 111.86383 2.16399 -1.42455 -0.258063 
2.50081 0.672056 -0.68891 -0.132863 
2.41325 0.599347 1.26501 0.554471 
5.32692 4.22706 2.75756 0.744756 
---------------------
Depth = 120.905 -2.30418 -0.336294 0.295687 
0.341507 0.673921 0.71569 0.388152 
0.477768 1.24819 1.12681 0.3552 
-1.22704 -0.0564143 -0.925323 0.169914 
---------------------
Depth = 132.72051 2.22891 -1.49114 -0.176623 
-0.956711 -0.952522 -0.845221 0.325534 
2.30064 -0.519939 0.867135 -0.116528 
3.27564 0.50199 1.433 -0.227087 
---------------------
Depth = 14-1.16995 0.32323 -0.63301 -0.0887489 
0.259813 1.021 -1.40773 -0.179206 
0.738036 2.44483 1.04616 0.164994 
-3.05782 -1.63444 0.373502 0.0806345 
---------------------
Depth = 15-1.58858 3.19676 4.26444 -0.332076 
-0.899258 4.20104 2.6148 0.267606 
-2.56723 2.16425 -0.822523 -0.102968 
0.924577 0.866377 1.02777 0.316945 
---------------------
Depth = 161.9141 -0.816486 -1.12857 -0.324391 
1.34288 -0.196609 0.183785 0.266692 
0.587339 -0.137957 0.286283 0.349381 
1.746 1.02365 0.305497 -0.101646 
---------------------
Depth = 17-0.351531 0.606988 -0.190252 -0.779822 
-0.976741 -2.48725 -2.26432 -0.739144 
6.04805 7.71304 6.747 -0.0190644 
-2.00774 -0.840748 1.54518 0.912073 
---------------------
Depth = 18-0.253273 -0.809699 1.24494 0.739587 
-1.25822 1.37828 0.719077 0.0801215 
0.57529 2.44234 2.26426 -0.269435 
-0.00274222 1.68355 0.46959 0.612804 
---------------------
Depth = 19-0.366605 0.953136 1.64406 -0.537362 
-0.657349 0.814203 1.24275 -0.145406 
0.120326 1.15368 0.970044 -0.0492271 
-0.82422 -0.116852 0.953798 0.241265 
---------------------
Depth = 20-0.746682 -1.35673 0.689669 0.611962 
-0.990381 0.27989 0.974456 0.749431 
0.00566807 0.938945 2.05269 1.61691 
-0.55463 0.508808 0.585916 0.841594 
---------------------
Depth = 210.0869122 0.507549 0.502696 -0.149696 
-0.915545 -1.37562 -0.0176263 0.0168734 
-0.309685 -0.367381 0.259319 -0.438039 
1.86984 2.23556 3.70491 2.74832 
---------------------
Depth = 221.56854 2.40209 -0.381825 -1.10129 
-1.46283 -1.6334 -2.14081 -0.850307 
4.28403 3.80041 1.68682 1.4851 
4.16191 1.52461 -0.69589 -1.35893 
---------------------
Depth = 231.92958 0.573478 1.5643 2.0668 
-0.58208 -3.42669 2.03679 1.53706 
2.53116 -0.0121454 2.58518 0.853396 
0.681158 -0.0855384 1.05287 0.22013 
---------------------
Depth = 241.16283 -3.01787 0.83551 0.199429 
1.25654 -1.80624 1.19909 0.596127 
1.1057 -1.68452 0.357103 0.888691 
-1.15422 -0.989015 -0.529078 -0.26719 
---------------------
Depth = 25-0.371509 0.708246 -1.19614 0.0754875 
0.784554 1.16501 -0.928595 0.476392 
1.11925 0.506297 -0.569947 0.194808 
1.02972 0.489376 1.44902 1.64674 
---------------------
Depth = 26-0.410896 2.82966 3.70501 -1.16314 
-0.0308521 3.03185 1.01759 -0.393099 
0.943464 4.38565 -1.25362 0.201958 
0.99815 -0.328214 -1.73335 -1.82112 
---------------------
Depth = 271.70079 -2.82195 -1.51153 0.0216643 
0.872339 0.48681 -0.16903 0.446642 
0.532956 -0.507859 0.871006 0.371091 
-3.84555 -3.7514 -3.64798 -0.643297 
---------------------
Depth = 28-1.3632 2.30662 2.26548 -0.182621 
0.0487394 2.95976 1.7766 0.471864 
-3.89947 -2.00732 -3.34813 0.354485 
5.24762 5.00741 3.32356 0.611007 
---------------------
Depth = 293.13406 3.88305 -1.38153 -0.749157 
-2.30922 -1.85326 -1.10772 -0.575489 
2.66337 0.40076 0.737619 0.1167 
6.25504 4.56781 4.59696 0.517018 
---------------------
Depth = 301.07374 2.12585 -0.183104 -0.208156 
0.188321 1.17937 -0.426202 -0.348809 
2.09812 -0.338977 0.741526 -0.0455209 
2.43415 1.10208 1.29561 -0.191124 
---------------------
Depth = 311.22783 -4.43758 0.144941 0.494678 
1.13328 1.2141 2.00564 0.604167 
2.45536 2.76802 1.92531 0.862937 
-5.00829 -1.35571 0.219359 0.228811 
---------------------
Depth = 320.346807 -1.19734 1.90844 0.117273 
0.341278 1.72268 1.6423 0.306411 
-0.924422 0.427935 -0.229946 0.0509615 
-2.01256 -1.31911 0.129306 0.0251406 
---------------------
Depth = 330.860102 -0.00909048 -1.20111 2.19105 
0.394713 0.395765 0.731588 2.17852 
-0.179507 -0.972872 0.450443 0.460014 
0.283008 0.219146 0.443033 0.93262 
---------------------
Depth = 34-1.34312 1.336 3.0016 0.802345 
0.11999 -0.938975 1.46166 0.36467 
-3.83371 0.614881 -0.90053 1.04343 
2.91675 2.77811 2.53159 2.41935 
---------------------
Depth = 351.15812 -1.88318 2.84714 -0.869259 
0.594817 0.514751 3.77999 -0.131008 
0.774656 3.48774 2.76647 0.245138 
-2.84717 0.496199 -0.684045 -0.0538741 
---------------------
Depth = 360.621324 -1.23539 0.297821 2.12625 
-0.12644 -0.709993 2.59126 2.34411 
-3.22316 -4.93708 0.326252 -0.132102 
2.38456 1.57638 1.62103 0.929776 
---------------------
Depth = 371.5066 1.00971 -1.67748 -0.125877 
1.78112 2.13403 -0.68811 0.278535 
0.118251 -1.35068 -3.14446 0.307817 
2.60788 3.30441 0.682191 -0.606399 
---------------------
Depth = 380.936783 1.27455 -0.0648409 -0.559459 
1.37378 0.598347 0.18399 -0.357501 
1.34899 0.815784 0.190066 -0.61625 
0.597262 0.985812 1.04467 -0.322439 
---------------------
Depth = 390.0836468 -0.78877 0.496774 0.781992 
0.0112987 -0.853142 1.12862 1.09085 
-1.41496 -2.42686 -0.012574 0.54338 
0.988243 0.588596 1.26681 1.20879 
---------------------
Depth = 40-0.452887 1.37215 2.89017 -0.794783 
-1.42698 0.856478 0.958548 -0.401534 
0.38214 4.40617 2.25226 -0.832467 
-1.08139 1.7528 1.06695 0.0770688 
---------------------
Depth = 411.14612 1.23585 -0.507535 -0.0902586 
-1.34795 -3.25325 -1.7008 -0.340672 
2.00674 3.00608 3.49931 0.309208 
0.490543 3.28657 4.47415 2.96814 
---------------------
Depth = 42-2.49432 5.89482 0.192027 -0.201747 
-3.20867 6.87672 -4.47543 0.339283 
0.393632 4.23093 -2.77386 -0.569293 
-0.219681 -2.40431 -1.93667 -0.332707 
---------------------
Depth = 430.45638 2.641 -1.49633 0.187466 
0.887028 1.83026 -2.06348 0.285372 
2.05197 1.44261 -1.60722 -0.362238 
2.5061 1.31415 0.147387 0.329917 
---------------------
Depth = 441.61237 3.95964 0.990154 -0.461269 
-0.817497 0.725418 -1.84605 -0.404332 
0.933988 -0.181245 -1.039 0.152907 
5.30814 3.23841 0.542978 -0.629729 
---------------------
Depth = 451.78634 0.60139 2.24817 2.71821 
-0.810783 -2.27117 1.482 1.28953 
-2.78903 -1.80751 0.111456 0.544539 
4.24871 5.1364 4.34024 2.099 
---------------------
Depth = 46-1.8281 4.18755 0.629857 -0.162127 
-1.29353 4.05881 -3.76022 0.240722 
1.06834 3.85314 -2.30299 -0.85814 
0.425666 1.06556 -1.41061 -0.559339 
---------------------
Depth = 471.53162 1.88199 -0.507353 -0.121155 
-0.903312 -2.90758 -1.46073 -0.0232472 
-2.6293 -4.12293 -3.48296 -1.09339 
6.26273 7.20299 6.62879 1.93972 
---------------------
Depth = 481.36653 1.35284 -1.09406 -0.605228 
1.68685 1.10784 -1.16569 -0.366705 
1.36053 -0.0510458 -0.0844647 -0.178492 
1.02618 -0.00864258 -0.601286 -0.313459 
---------------------
Depth = 490.505196 0.455688 0.270633 0.0748427 
-1.70806 -0.221993 0.263611 -0.0687068 
0.575553 1.14912 -0.00523519 -0.0279773 
0.665287 2.08101 1.50088 1.03129 
