---------------------
Depth = 00.985133 1.0798 -0.967372 -0.0606542 
1.36067 0.657352 -0.254609 0.099237 
1.07921 -0.871225 -1.56574 -0.152365 
1.56797 2.5396 2.38866 -0.0248098 
---------------------
Depth = 10.973287 0.0157797 -0.315364 0.100862 
-0.0118945 -1.28905 0.0172977 0.217981 
-0.0263279 -0.8453 -0.229375 0.703443 
1.62629 1.04368 0.647823 0.398958 
---------------------
Depth = 20.929038 0.0993159 -0.128322 -0.319639 
0.188798 -0.0247253 0.113249 0.353042 
0.91387 -1.14769 -0.73821 0.799699 
1.98036 1.7963 1.46096 0.538868 
---------------------
Depth = 30.703278 -0.938892 -1.8991 0.108428 
0.356249 0.839455 -0.84072 0.289242 
0.848018 1.35755 0.246913 0.776316 
0.85321 -0.432037 -1.67632 -0.599334 
---------------------
Depth = 42.41778 0.743167 0.854095 -0.133639 
0.420108 -2.17113 -1.21945 0.0939192 
-0.193717 -2.22111 -0.390617 0.6636 
3.29332 2.65731 2.08004 0.709109 
---------------------
Depth = 5-0.125757 -0.856704 -0.315283 -0.256009 
-0.551198 -0.961865 -1.01879 -0.555491 
3.37929 4.02887 1.93224 0.852262 
-1.64739 -1.94186 -0.907115 -0.431875 
---------------------
Depth = 61.36799 -0.347518 -1.21877 0.84106 
2.48141 -1.29662 1.21241 1.52554 
1.40891 -2.98137 0.632809 1.02561 
-2.48923 -2.62973 -1.9682 0.447725 
---------------------
Depth = 70.485975 0.285741 -0.815176 -0.0578247 
0.213544 0.0558713 -0.130981 0.227849 
0.13879 -0.376996 -0.2559 0.532744 
0.0311803 1.42448 1.33135 -0.384556 
---------------------
Depth = 82.48318 3.37984 -0.437535 -0.369031 
3.10621 0.545014 -0.756528 -0.2639 
1.70157 -1.53502 -1.24348 -0.26066 
3.1882 1.65563 0.730306 -0.0754197 
---------------------
Depth = 91.8633 1.26128 -0.408419 -0.462497 
-0.29352 -0.165144 -0.892578 -0.339354 
0.568165 -0.394421 -2.91523 -0.825332 
5.31806 5.51765 1.87576 0.0864198 
---------------------
Depth = 100.558599 1.47943 0.471901 0.210692 
-0.229304 -0.761473 -0.903254 -0.140538 
0.813808 0.844323 -0.576821 0.354522 
5.04284 4.23769 2.51449 1.11993 
---------------------
Depth = 111.86383 2.16399 -1.42455 -0.258063 
2.50081 0.672056 -0.68891 -0.132863 
2.41325 0.599347 1.26501 0.554471 
5.32692 4.22706 2.75756 0.744756 
---------------------
Depth = 120.905 -2.30418 -0.336294 0.295687 
0.341507 0.673921 0.71569 0.388152 
0.477768 1.24819 1.12681 0.3552 
-1.22704 -0.0564143 -0.925323 0.169914 
---------------------
Depth = 132.72051 2.22891 -1.49114 -0.176623 
-0.956711 -0.952522 -0.845221 0.325534 
2.30064 -0.519939 0.867135 -0.116528 
3.27564 0.50199 1.433 -0.227087 
---------------------
Depth = 14-1.16995 0.32323 -0.63301 -0.0887489 
0.259813 1.021 -1.40773 -0.179206 
0.738036 2.44483 1.04616 0.164994 
-3.05782 -1.63444 0.373502 0.0806345 
---------------------
Depth = 15-1.58858 3.19676 4.26444 -0.332076 
-0.899258 4.20104 2.6148 0.267606 
-2.56723 2.16425 -0.822523 -0.102968 
0.924577 0.866377 1.02777 0.316945 
---------------------
Depth = 161.9141 -0.816486 -1.12857 -0.324391 
1.34288 -0.196609 0.183785 0.266692 
0.587339 -0.137957 0.286283 0.349381 
1.746 1.02365 0.305497 -0.101646 
---------------------
Depth = 17-0.351531 0.606988 -0.190252 -0.779822 
-0.976741 -2.48725 -2.26432 -0.739144 
6.04805 7.71304 6.747 -0.0190644 
-2.00774 -0.840748 1.54518 0.912073 
---------------------
Depth = 18-0.253273 -0.809699 1.24494 0.739587 
-1.25822 1.37828 0.719077 0.0801215 
0.57529 2.44234 2.26426 -0.269435 
-0.00274222 1.68355 0.46959 0.612804 
---------------------
Depth = 19-0.366605 0.953136 1.64406 -0.537362 
-0.657349 0.814203 1.24275 -0.145406 
0.120326 1.15368 0.970044 -0.0492271 
-0.82422 -0.116852 0.953798 0.241265 
---------------------
Depth = 20-0.746682 -1.35673 0.689669 0.611962 
-0.990381 0.27989 0.974456 0.749431 
0.00566807 0.938945 2.05269 1.61691 
-0.55463 0.508808 0.585916 0.841594 
---------------------
Depth = 210.0869122 0.507549 0.502696 -0.149696 
-0.915545 -1.37562 -0.0176263 0.0168734 
-0.309685 -0.367381 0.259319 -0.438039 
1.86984 2.23556 3.70491 2.74832 
---------------------
Depth = 221.56854 2.40209 -0.381825 -1.10129 
-1.46283 -1.6334 -2.14081 -0.850307 
4.28403 3.80041 1.68682 1.4851 
4.16191 1.52461 -0.69589 -1.35893 
---------------------
Depth = 231.92958 0.573478 1.5643 2.0668 
-0.58208 -3.42669 2.03679 1.53706 
2.53116 -0.0121454 2.58518 0.853396 
0.681158 -0.0855384 1.05287 0.22013 
---------------------
Depth = 241.16283 -3.01787 0.83551 0.199429 
1.25654 -1.80624 1.19909 0.596127 
1.1057 -1.68452 0.357103 0.888691 
-1.15422 -0.989015 -0.529078 -0.26719 
---------------------
Depth = 25-0.371509 0.708246 -1.19614 0.0754875 
0.784554 1.16501 -0.928595 0.476392 
1.11925 0.506297 -0.569947 0.194808 
1.02972 0.489376 1.44902 1.64674 
---------------------
Depth = 26-0.410896 2.82966 3.70501 -1.16314 
-0.0308521 3.03185 1.01759 -0.393099 
0.943464 4.38565 -1.25362 0.201958 
0.99815 -0.328214 -1.73335 -1.82112 
---------------------
Depth = 271.70079 -2.82195 -1.51153 0.0216643 
0.872339 0.48681 -0.16903 0.446642 
0.532956 -0.507859 0.871006 0.371091 
-3.84555 -3.7514 -3.64798 -0.643297 
---------------------
Depth = 28-1.3632 2.30662 2.26548 -0.182621 
0.0487394 2.95976 1.7766 0.471864 
-3.89947 -2.00732 -3.34813 0.354485 
5.24762 5.00741 3.32356 0.611007 
---------------------
Depth = 293.13406 3.88305 -1.38153 -0.749157 
-2.30922 -1.85326 -1.10772 -0.575489 
2.66337 0.40076 0.737619 0.1167 
6.25504 4.56781 4.59696 0.517018 
---------------------
Depth = 301.07374 2.12585 -0.183104 -0.208156 
0.188321 1.17937 -0.426202 -0.348809 
2.09812 -0.338977 0.741526 -0.0455209 
2.43415 1.10208 1.29561 -0.191124 
---------------------
Depth = 311.22783 -4.43758 0.144941 0.494678 
1.13328 1.2141 2.00564 0.604167 
2.45536 2.76802 1.92531 0.862937 
-5.00829 -1.35571 0.219359 0.228811 
---------------------
Depth = 320.346807 -1.19734 1.90844 0.117273 
0.341278 1.72268 1.6423 0.306411 
-0.924422 0.427935 -0.229946 0.0509615 
-2.01256 -1.31911 0.129306 0.0251406 
---------------------
Depth = 330.860102 -0.00909048 -1.20111 2.19105 
0.394713 0.395765 0.731588 2.17852 
-0.179507 -0.972872 0.450443 0.460014 
0.283008 0.219146 0.443033 0.93262 
---------------------
Depth = 34-1.34312 1.336 3.0016 0.802345 
0.11999 -0.938975 1.46166 0.36467 
-3.83371 0.614881 -0.90053 1.04343 
2.91675 2.77811 2.53159 2.41935 
---------------------
Depth = 351.15812 -1.88318 2.84714 -0.869259 
0.594817 0.514751 3.77999 -0.131008 
0.774656 3.48774 2.76647 0.245138 
-2.84717 0.496199 -0.684045 -0.0538741 
---------------------
Depth = 360.621324 -1.23539 0.297821 2.12625 
-0.12644 -0.709993 2.59126 2.34411 
-3.22316 -4.93708 0.326252 -0.132102 
2.38456 1.57638 1.62103 0.929776 
---------------------
Depth = 371.5066 1.00971 -1.67748 -0.125877 
1.78112 2.13403 -0.68811 0.278535 
0.118251 -1.35068 -3.14446 0.307817 
2.60788 3.30441 0.682191 -0.606399 
---------------------
Depth = 380.936783 1.27455 -0.0648409 -0.559459 
1.37378 0.598347 0.18399 -0.357501 
1.34899 0.815784 0.190066 -0.61625 
0.597262 0.985812 1.04467 -0.322439 
---------------------
Depth = 390.0836468 -0.78877 0.496774 0.781992 
0.0112987 -0.853142 1.12862 1.09085 
-1.41496 -2.42686 -0.012574 0.54338 
0.988243 0.588596 1.26681 1.20879 
---------------------
Depth = 40-0.452887 1.37215 2.89017 -0.794783 
-1.42698 0.856478 0.958548 -0.401534 
0.38214 4.40617 2.25226 -0.832467 
-1.08139 1.7528 1.06695 0.0770688 
---------------------
Depth = 411.14612 1.23585 -0.507535 -0.0902586 
-1.34795 -3.25325 -1.7008 -0.340672 
2.00674 3.00608 3.49931 0.309208 
0.490543 3.28657 4.47415 2.96814 
---------------------
Depth = 42-2.49432 5.89482 0.192027 -0.201747 
-3.20867 6.87672 -4.47543 0.339283 
0.393632 4.23093 -2.77386 -0.569293 
-0.219681 -2.40431 -1.93667 -0.332707 
---------------------
Depth = 430.45638 2.641 -1.49633 0.187466 
0.887028 1.83026 -2.06348 0.285372 
2.05197 1.44261 -1.60722 -0.362238 
2.5061 1.31415 0.147387 0.329917 
---------------------
Depth = 441.61237 3.95964 0.990154 -0.461269 
-0.817497 0.725418 -1.84605 -0.404332 
0.933988 -0.181245 -1.039 0.152907 
5.30814 3.23841 0.542978 -0.629729 
---------------------
Depth = 451.78634 0.60139 2.24817 2.71821 
-0.810783 -2.27117 1.482 1.28953 
-2.78903 -1.80751 0.111456 0.544539 
4.24871 5.1364 4.34024 2.099 
---------------------
Depth = 46-1.8281 4.18755 0.629857 -0.162127 
-1.29353 4.05881 -3.76022 0.240722 
1.06834 3.85314 -2.30299 -0.85814 
0.425666 1.06556 -1.41061 -0.559339 
---------------------
Depth = 471.53162 1.88199 -0.507353 -0.121155 
-0.903312 -2.90758 -1.46073 -0.0232472 
-2.6293 -4.12293 -3.48296 -1.09339 
6.26273 7.20299 6.62879 1.93972 
---------------------
Depth = 481.36653 1.35284 -1.09406 -0.605228 
1.68685 1.10784 -1.16569 -0.366705 
1.36053 -0.0510458 -0.0844647 -0.178492 
1.02618 -0.00864258 -0.601286 -0.313459 
---------------------
Depth = 490.505196 0.455688 0.270633 0.0748427 
-1.70806 -0.221993 0.263611 -0.0687068 
0.575553 1.14912 -0.00523519 -0.0279773 
0.665287 2.08101 1.50088 1.03129 
---------------------
Depth = 00.985133 1.0798 -0.967372 -0.0606542 
1.36067 0.657352 -0.254609 0.099237 
1.07921 -0.871225 -1.56574 -0.152365 
1.56797 2.5396 2.38866 -0.0248098 
---------------------
Depth = 10.973287 0.0157797 -0.315364 0.100862 
-0.0118945 -1.28905 0.0172977 0.217981 
-0.0263279 -0.8453 -0.229375 0.703443 
1.62629 1.04368 0.647823 0.398958 
---------------------
Depth = 20.929038 0.0993159 -0.128322 -0.319639 
0.188798 -0.0247253 0.113249 0.353042 
0.91387 -1.14769 -0.73821 0.799699 
1.98036 1.7963 1.46096 0.538868 
---------------------
Depth = 30.703278 -0.938892 -1.8991 0.108428 
0.356249 0.839455 -0.84072 0.289242 
0.848018 1.35755 0.246913 0.776316 
0.85321 -0.432037 -1.67632 -0.599334 
---------------------
Depth = 42.41778 0.743167 0.854095 -0.133639 
0.420108 -2.17113 -1.21945 0.0939192 
-0.193717 -2.22111 -0.390617 0.6636 
3.29332 2.65731 2.08004 0.709109 
---------------------
Depth = 5-0.125757 -0.856704 -0.315283 -0.256009 
-0.551198 -0.961865 -1.01879 -0.555491 
3.37929 4.02887 1.93224 0.852262 
-1.64739 -1.94186 -0.907115 -0.431875 
---------------------
Depth = 61.36799 -0.347518 -1.21877 0.84106 
2.48141 -1.29662 1.21241 1.52554 
1.40891 -2.98137 0.632809 1.02561 
-2.48923 -2.62973 -1.9682 0.447725 
---------------------
Depth = 70.485975 0.285741 -0.815176 -0.0578247 
0.213544 0.0558713 -0.130981 0.227849 
0.13879 -0.376996 -0.2559 0.532744 
0.0311803 1.42448 1.33135 -0.384556 
---------------------
Depth = 82.48318 3.37984 -0.437535 -0.369031 
3.10621 0.545014 -0.756528 -0.2639 
1.70157 -1.53502 -1.24348 -0.26066 
3.1882 1.65563 0.730306 -0.0754197 
---------------------
Depth = 91.8633 1.26128 -0.408419 -0.462497 
-0.29352 -0.165144 -0.892578 -0.339354 
0.568165 -0.394421 -2.91523 -0.825332 
5.31806 5.51765 1.87576 0.0864198 
---------------------
Depth = 100.558599 1.47943 0.471901 0.210692 
-0.229304 -0.761473 -0.903254 -0.140538 
0.813808 0.844323 -0.576821 0.354522 
5.04284 4.23769 2.51449 1.11993 
---------------------
Depth = 111.86383 2.16399 -1.42455 -0.258063 
2.50081 0.672056 -0.68891 -0.132863 
2.41325 0.599347 1.26501 0.554471 
5.32692 4.22706 2.75756 0.744756 
---------------------
Depth = 120.905 -2.30418 -0.336294 0.295687 
0.341507 0.673921 0.71569 0.388152 
0.477768 1.24819 1.12681 0.3552 
-1.22704 -0.0564143 -0.925323 0.169914 
---------------------
Depth = 132.72051 2.22891 -1.49114 -0.176623 
-0.956711 -0.952522 -0.845221 0.325534 
2.30064 -0.519939 0.867135 -0.116528 
3.27564 0.50199 1.433 -0.227087 
---------------------
Depth = 14-1.16995 0.32323 -0.63301 -0.0887489 
0.259813 1.021 -1.40773 -0.179206 
0.738036 2.44483 1.04616 0.164994 
-3.05782 -1.63444 0.373502 0.0806345 
---------------------
Depth = 15-1.58858 3.19676 4.26444 -0.332076 
-0.899258 4.20104 2.6148 0.267606 
-2.56723 2.16425 -0.822523 -0.102968 
0.924577 0.866377 1.02777 0.316945 
---------------------
Depth = 161.9141 -0.816486 -1.12857 -0.324391 
1.34288 -0.196609 0.183785 0.266692 
0.587339 -0.137957 0.286283 0.349381 
1.746 1.02365 0.305497 -0.101646 
---------------------
Depth = 17-0.351531 0.606988 -0.190252 -0.779822 
-0.976741 -2.48725 -2.26432 -0.739144 
6.04805 7.71304 6.747 -0.0190644 
-2.00774 -0.840748 1.54518 0.912073 
---------------------
Depth = 18-0.253273 -0.809699 1.24494 0.739587 
-1.25822 1.37828 0.719077 0.0801215 
0.57529 2.44234 2.26426 -0.269435 
-0.00274222 1.68355 0.46959 0.612804 
---------------------
Depth = 19-0.366605 0.953136 1.64406 -0.537362 
-0.657349 0.814203 1.24275 -0.145406 
0.120326 1.15368 0.970044 -0.0492271 
-0.82422 -0.116852 0.953798 0.241265 
---------------------
Depth = 20-0.746682 -1.35673 0.689669 0.611962 
-0.990381 0.27989 0.974456 0.749431 
0.00566807 0.938945 2.05269 1.61691 
-0.55463 0.508808 0.585916 0.841594 
---------------------
Depth = 210.0869122 0.507549 0.502696 -0.149696 
-0.915545 -1.37562 -0.0176263 0.0168734 
-0.309685 -0.367381 0.259319 -0.438039 
1.86984 2.23556 3.70491 2.74832 
---------------------
Depth = 221.56854 2.40209 -0.381825 -1.10129 
-1.46283 -1.6334 -2.14081 -0.850307 
4.28403 3.80041 1.68682 1.4851 
4.16191 1.52461 -0.69589 -1.35893 
---------------------
Depth = 231.92958 0.573478 1.5643 2.0668 
-0.58208 -3.42669 2.03679 1.53706 
2.53116 -0.0121454 2.58518 0.853396 
0.681158 -0.0855384 1.05287 0.22013 
---------------------
Depth = 241.16283 -3.01787 0.83551 0.199429 
1.25654 -1.80624 1.19909 0.596127 
1.1057 -1.68452 0.357103 0.888691 
-1.15422 -0.989015 -0.529078 -0.26719 
---------------------
Depth = 25-0.371509 0.708246 -1.19614 0.0754875 
0.784554 1.16501 -0.928595 0.476392 
1.11925 0.506297 -0.569947 0.194808 
1.02972 0.489376 1.44902 1.64674 
---------------------
Depth = 26-0.410896 2.82966 3.70501 -1.16314 
-0.0308521 3.03185 1.01759 -0.393099 
0.943464 4.38565 -1.25362 0.201958 
0.99815 -0.328214 -1.73335 -1.82112 
---------------------
Depth = 271.70079 -2.82195 -1.51153 0.0216643 
0.872339 0.48681 -0.16903 0.446642 
0.532956 -0.507859 0.871006 0.371091 
-3.84555 -3.7514 -3.64798 -0.643297 
---------------------
Depth = 28-1.3632 2.30662 2.26548 -0.182621 
0.0487394 2.95976 1.7766 0.471864 
-3.89947 -2.00732 -3.34813 0.354485 
5.24762 5.00741 3.32356 0.611007 
---------------------
Depth = 293.13406 3.88305 -1.38153 -0.749157 
-2.30922 -1.85326 -1.10772 -0.575489 
2.66337 0.40076 0.737619 0.1167 
6.25504 4.56781 4.59696 0.517018 
---------------------
Depth = 301.07374 2.12585 -0.183104 -0.208156 
0.188321 1.17937 -0.426202 -0.348809 
2.09812 -0.338977 0.741526 -0.0455209 
2.43415 1.10208 1.29561 -0.191124 
---------------------
Depth = 311.22783 -4.43758 0.144941 0.494678 
1.13328 1.2141 2.00564 0.604167 
2.45536 2.76802 1.92531 0.862937 
-5.00829 -1.35571 0.219359 0.228811 
---------------------
Depth = 320.346807 -1.19734 1.90844 0.117273 
0.341278 1.72268 1.6423 0.306411 
-0.924422 0.427935 -0.229946 0.0509615 
-2.01256 -1.31911 0.129306 0.0251406 
---------------------
Depth = 330.860102 -0.00909048 -1.20111 2.19105 
0.394713 0.395765 0.731588 2.17852 
-0.179507 -0.972872 0.450443 0.460014 
0.283008 0.219146 0.443033 0.93262 
---------------------
Depth = 34-1.34312 1.336 3.0016 0.802345 
0.11999 -0.938975 1.46166 0.36467 
-3.83371 0.614881 -0.90053 1.04343 
2.91675 2.77811 2.53159 2.41935 
---------------------
Depth = 351.15812 -1.88318 2.84714 -0.869259 
0.594817 0.514751 3.77999 -0.131008 
0.774656 3.48774 2.76647 0.245138 
-2.84717 0.496199 -0.684045 -0.0538741 
---------------------
Depth = 360.621324 -1.23539 0.297821 2.12625 
-0.12644 -0.709993 2.59126 2.34411 
-3.22316 -4.93708 0.326252 -0.132102 
2.38456 1.57638 1.62103 0.929776 
---------------------
Depth = 371.5066 1.00971 -1.67748 -0.125877 
1.78112 2.13403 -0.68811 0.278535 
0.118251 -1.35068 -3.14446 0.307817 
2.60788 3.30441 0.682191 -0.606399 
---------------------
Depth = 380.936783 1.27455 -0.0648409 -0.559459 
1.37378 0.598347 0.18399 -0.357501 
1.34899 0.815784 0.190066 -0.61625 
0.597262 0.985812 1.04467 -0.322439 
---------------------
Depth = 390.0836468 -0.78877 0.496774 0.781992 
0.0112987 -0.853142 1.12862 1.09085 
-1.41496 -2.42686 -0.012574 0.54338 
0.988243 0.588596 1.26681 1.20879 
---------------------
Depth = 40-0.452887 1.37215 2.89017 -0.794783 
-1.42698 0.856478 0.958548 -0.401534 
0.38214 4.40617 2.25226 -0.832467 
-1.08139 1.7528 1.06695 0.0770688 
---------------------
Depth = 411.14612 1.23585 -0.507535 -0.0902586 
-1.34795 -3.25325 -1.7008 -0.340672 
2.00674 3.00608 3.49931 0.309208 
0.490543 3.28657 4.47415 2.96814 
---------------------
Depth = 42-2.49432 5.89482 0.192027 -0.201747 
-3.20867 6.87672 -4.47543 0.339283 
0.393632 4.23093 -2.77386 -0.569293 
-0.219681 -2.40431 -1.93667 -0.332707 
---------------------
Depth = 430.45638 2.641 -1.49633 0.187466 
0.887028 1.83026 -2.06348 0.285372 
2.05197 1.44261 -1.60722 -0.362238 
2.5061 1.31415 0.147387 0.329917 
---------------------
Depth = 441.61237 3.95964 0.990154 -0.461269 
-0.817497 0.725418 -1.84605 -0.404332 
0.933988 -0.181245 -1.039 0.152907 
5.30814 3.23841 0.542978 -0.629729 
---------------------
Depth = 451.78634 0.60139 2.24817 2.71821 
-0.810783 -2.27117 1.482 1.28953 
-2.78903 -1.80751 0.111456 0.544539 
4.24871 5.1364 4.34024 2.099 
---------------------
Depth = 46-1.8281 4.18755 0.629857 -0.162127 
-1.29353 4.05881 -3.76022 0.240722 
1.06834 3.85314 -2.30299 -0.85814 
0.425666 1.06556 -1.41061 -0.559339 
---------------------
Depth = 471.53162 1.88199 -0.507353 -0.121155 
-0.903312 -2.90758 -1.46073 -0.0232472 
-2.6293 -4.12293 -3.48296 -1.09339 
6.26273 7.20299 6.62879 1.93972 
---------------------
Depth = 481.36653 1.35284 -1.09406 -0.605228 
1.68685 1.10784 -1.16569 -0.366705 
1.36053 -0.0510458 -0.0844647 -0.178492 
1.02618 -0.00864258 -0.601286 -0.313459 
---------------------
Depth = 490.505196 0.455688 0.270633 0.0748427 
-1.70806 -0.221993 0.263611 -0.0687068 
0.575553 1.14912 -0.00523519 -0.0279773 
0.665287 2.08101 1.50088 1.03129 
---------------------
Depth = 00.985133 1.0798 -0.967372 -0.0606542 
1.36067 0.657352 -0.254609 0.099237 
1.07921 -0.871225 -1.56574 -0.152365 
1.56797 2.5396 2.38866 -0.0248098 
---------------------
Depth = 10.973287 0.0157797 -0.315364 0.100862 
-0.0118945 -1.28905 0.0172977 0.217981 
-0.0263279 -0.8453 -0.229375 0.703443 
1.62629 1.04368 0.647823 0.398958 
---------------------
Depth = 20.929038 0.0993159 -0.128322 -0.319639 
0.188798 -0.0247253 0.113249 0.353042 
0.91387 -1.14769 -0.73821 0.799699 
1.98036 1.7963 1.46096 0.538868 
---------------------
Depth = 30.703278 -0.938892 -1.8991 0.108428 
0.356249 0.839455 -0.84072 0.289242 
0.848018 1.35755 0.246913 0.776316 
0.85321 -0.432037 -1.67632 -0.599334 
---------------------
Depth = 42.41778 0.743167 0.854095 -0.133639 
0.420108 -2.17113 -1.21945 0.0939192 
-0.193717 -2.22111 -0.390617 0.6636 
3.29332 2.65731 2.08004 0.709109 
---------------------
Depth = 5-0.125757 -0.856704 -0.315283 -0.256009 
-0.551198 -0.961865 -1.01879 -0.555491 
3.37929 4.02887 1.93224 0.852262 
-1.64739 -1.94186 -0.907115 -0.431875 
---------------------
Depth = 61.36799 -0.347518 -1.21877 0.84106 
2.48141 -1.29662 1.21241 1.52554 
1.40891 -2.98137 0.632809 1.02561 
-2.48923 -2.62973 -1.9682 0.447725 
---------------------
Depth = 70.485975 0.285741 -0.815176 -0.0578247 
0.213544 0.0558713 -0.130981 0.227849 
0.13879 -0.376996 -0.2559 0.532744 
0.0311803 1.42448 1.33135 -0.384556 
---------------------
Depth = 82.48318 3.37984 -0.437535 -0.369031 
3.10621 0.545014 -0.756528 -0.2639 
1.70157 -1.53502 -1.24348 -0.26066 
3.1882 1.65563 0.730306 -0.0754197 
---------------------
Depth = 91.8633 1.26128 -0.408419 -0.462497 
-0.29352 -0.165144 -0.892578 -0.339354 
0.568165 -0.394421 -2.91523 -0.825332 
5.31806 5.51765 1.87576 0.0864198 
---------------------
Depth = 100.558599 1.47943 0.471901 0.210692 
-0.229304 -0.761473 -0.903254 -0.140538 
0.813808 0.844323 -0.576821 0.354522 
5.04284 4.23769 2.51449 1.11993 
---------------------
Depth = 111.86383 2.16399 -1.42455 -0.258063 
2.50081 0.672056 -0.68891 -0.132863 
2.41325 0.599347 1.26501 0.554471 
5.32692 4.22706 2.75756 0.744756 
---------------------
Depth = 120.905 -2.30418 -0.336294 0.295687 
0.341507 0.673921 0.71569 0.388152 
0.477768 1.24819 1.12681 0.3552 
-1.22704 -0.0564143 -0.925323 0.169914 
---------------------
Depth = 132.72051 2.22891 -1.49114 -0.176623 
-0.956711 -0.952522 -0.845221 0.325534 
2.30064 -0.519939 0.867135 -0.116528 
3.27564 0.50199 1.433 -0.227087 
---------------------
Depth = 14-1.16995 0.32323 -0.63301 -0.0887489 
0.259813 1.021 -1.40773 -0.179206 
0.738036 2.44483 1.04616 0.164994 
-3.05782 -1.63444 0.373502 0.0806345 
---------------------
Depth = 15-1.58858 3.19676 4.26444 -0.332076 
-0.899258 4.20104 2.6148 0.267606 
-2.56723 2.16425 -0.822523 -0.102968 
0.924577 0.866377 1.02777 0.316945 
---------------------
Depth = 161.9141 -0.816486 -1.12857 -0.324391 
1.34288 -0.196609 0.183785 0.266692 
0.587339 -0.137957 0.286283 0.349381 
1.746 1.02365 0.305497 -0.101646 
---------------------
Depth = 17-0.351531 0.606988 -0.190252 -0.779822 
-0.976741 -2.48725 -2.26432 -0.739144 
6.04805 7.71304 6.747 -0.0190644 
-2.00774 -0.840748 1.54518 0.912073 
---------------------
Depth = 18-0.253273 -0.809699 1.24494 0.739587 
-1.25822 1.37828 0.719077 0.0801215 
0.57529 2.44234 2.26426 -0.269435 
-0.00274222 1.68355 0.46959 0.612804 
---------------------
Depth = 19-0.366605 0.953136 1.64406 -0.537362 
-0.657349 0.814203 1.24275 -0.145406 
0.120326 1.15368 0.970044 -0.0492271 
-0.82422 -0.116852 0.953798 0.241265 
---------------------
Depth = 20-0.746682 -1.35673 0.689669 0.611962 
-0.990381 0.27989 0.974456 0.749431 
0.00566807 0.938945 2.05269 1.61691 
-0.55463 0.508808 0.585916 0.841594 
---------------------
Depth = 210.0869122 0.507549 0.502696 -0.149696 
-0.915545 -1.37562 -0.0176263 0.0168734 
-0.309685 -0.367381 0.259319 -0.438039 
1.86984 2.23556 3.70491 2.74832 
---------------------
Depth = 221.56854 2.40209 -0.381825 -1.10129 
-1.46283 -1.6334 -2.14081 -0.850307 
4.28403 3.80041 1.68682 1.4851 
4.16191 1.52461 -0.69589 -1.35893 
---------------------
Depth = 231.92958 0.573478 1.5643 2.0668 
-0.58208 -3.42669 2.03679 1.53706 
2.53116 -0.0121454 2.58518 0.853396 
0.681158 -0.0855384 1.05287 0.22013 
---------------------
Depth = 241.16283 -3.01787 0.83551 0.199429 
1.25654 -1.80624 1.19909 0.596127 
1.1057 -1.68452 0.357103 0.888691 
-1.15422 -0.989015 -0.529078 -0.26719 
---------------------
Depth = 25-0.371509 0.708246 -1.19614 0.0754875 
0.784554 1.16501 -0.928595 0.476392 
1.11925 0.506297 -0.569947 0.194808 
1.02972 0.489376 1.44902 1.64674 
---------------------
Depth = 26-0.410896 2.82966 3.70501 -1.16314 
-0.0308521 3.03185 1.01759 -0.393099 
0.943464 4.38565 -1.25362 0.201958 
0.99815 -0.328214 -1.73335 -1.82112 
---------------------
Depth = 271.70079 -2.82195 -1.51153 0.0216643 
0.872339 0.48681 -0.16903 0.446642 
0.532956 -0.507859 0.871006 0.371091 
-3.84555 -3.7514 -3.64798 -0.643297 
---------------------
Depth = 28-1.3632 2.30662 2.26548 -0.182621 
0.0487394 2.95976 1.7766 0.471864 
-3.89947 -2.00732 -3.34813 0.354485 
5.24762 5.00741 3.32356 0.611007 
---------------------
Depth = 293.13406 3.88305 -1.38153 -0.749157 
-2.30922 -1.85326 -1.10772 -0.575489 
2.66337 0.40076 0.737619 0.1167 
6.25504 4.56781 4.59696 0.517018 
---------------------
Depth = 301.07374 2.12585 -0.183104 -0.208156 
0.188321 1.17937 -0.426202 -0.348809 
2.09812 -0.338977 0.741526 -0.0455209 
2.43415 1.10208 1.29561 -0.191124 
---------------------
Depth = 311.22783 -4.43758 0.144941 0.494678 
1.13328 1.2141 2.00564 0.604167 
2.45536 2.76802 1.92531 0.862937 
-5.00829 -1.35571 0.219359 0.228811 
---------------------
Depth = 320.346807 -1.19734 1.90844 0.117273 
0.341278 1.72268 1.6423 0.306411 
-0.924422 0.427935 -0.229946 0.0509615 
-2.01256 -1.31911 0.129306 0.0251406 
---------------------
Depth = 330.860102 -0.00909048 -1.20111 2.19105 
0.394713 0.395765 0.731588 2.17852 
-0.179507 -0.972872 0.450443 0.460014 
0.283008 0.219146 0.443033 0.93262 
---------------------
Depth = 34-1.34312 1.336 3.0016 0.802345 
0.11999 -0.938975 1.46166 0.36467 
-3.83371 0.614881 -0.90053 1.04343 
2.91675 2.77811 2.53159 2.41935 
---------------------
Depth = 351.15812 -1.88318 2.84714 -0.869259 
0.594817 0.514751 3.77999 -0.131008 
0.774656 3.48774 2.76647 0.245138 
-2.84717 0.496199 -0.684045 -0.0538741 
---------------------
Depth = 360.621324 -1.23539 0.297821 2.12625 
-0.12644 -0.709993 2.59126 2.34411 
-3.22316 -4.93708 0.326252 -0.132102 
2.38456 1.57638 1.62103 0.929776 
---------------------
Depth = 371.5066 1.00971 -1.67748 -0.125877 
1.78112 2.13403 -0.68811 0.278535 
0.118251 -1.35068 -3.14446 0.307817 
2.60788 3.30441 0.682191 -0.606399 
---------------------
Depth = 380.936783 1.27455 -0.0648409 -0.559459 
1.37378 0.598347 0.18399 -0.357501 
1.34899 0.815784 0.190066 -0.61625 
0.597262 0.985812 1.04467 -0.322439 
---------------------
Depth = 390.0836468 -0.78877 0.496774 0.781992 
0.0112987 -0.853142 1.12862 1.09085 
-1.41496 -2.42686 -0.012574 0.54338 
0.988243 0.588596 1.26681 1.20879 
---------------------
Depth = 40-0.452887 1.37215 2.89017 -0.794783 
-1.42698 0.856478 0.958548 -0.401534 
0.38214 4.40617 2.25226 -0.832467 
-1.08139 1.7528 1.06695 0.0770688 
---------------------
Depth = 411.14612 1.23585 -0.507535 -0.0902586 
-1.34795 -3.25325 -1.7008 -0.340672 
2.00674 3.00608 3.49931 0.309208 
0.490543 3.28657 4.47415 2.96814 
---------------------
Depth = 42-2.49432 5.89482 0.192027 -0.201747 
-3.20867 6.87672 -4.47543 0.339283 
0.393632 4.23093 -2.77386 -0.569293 
-0.219681 -2.40431 -1.93667 -0.332707 
---------------------
Depth = 430.45638 2.641 -1.49633 0.187466 
0.887028 1.83026 -2.06348 0.285372 
2.05197 1.44261 -1.60722 -0.362238 
2.5061 1.31415 0.147387 0.329917 
---------------------
Depth = 441.61237 3.95964 0.990154 -0.461269 
-0.817497 0.725418 -1.84605 -0.404332 
0.933988 -0.181245 -1.039 0.152907 
5.30814 3.23841 0.542978 -0.629729 
---------------------
Depth = 451.78634 0.60139 2.24817 2.71821 
-0.810783 -2.27117 1.482 1.28953 
-2.78903 -1.80751 0.111456 0.544539 
4.24871 5.1364 4.34024 2.099 
---------------------
Depth = 46-1.8281 4.18755 0.629857 -0.162127 
-1.29353 4.05881 -3.76022 0.240722 
1.06834 3.85314 -2.30299 -0.85814 
0.425666 1.06556 -1.41061 -0.559339 
---------------------
Depth = 471.53162 1.88199 -0.507353 -0.121155 
-0.903312 -2.90758 -1.46073 -0.0232472 
-2.6293 -4.12293 -3.48296 -1.09339 
6.26273 7.20299 6.62879 1.93972 
---------------------
Depth = 481.36653 1.35284 -1.09406 -0.605228 
1.68685 1.10784 -1.16569 -0.366705 
1.36053 -0.0510458 -0.0844647 -0.178492 
1.02618 -0.00864258 -0.601286 -0.313459 
---------------------
Depth = 490.505196 0.455688 0.270633 0.0748427 
-1.70806 -0.221993 0.263611 -0.0687068 
0.575553 1.14912 -0.00523519 -0.0279773 
0.665287 2.08101 1.50088 1.03129 
---------------------
Depth = 00.985133 1.0798 -0.967372 -0.0606542 
1.36067 0.657352 -0.254609 0.099237 
1.07921 -0.871225 -1.56574 -0.152365 
1.56797 2.5396 2.38866 -0.0248098 
---------------------
Depth = 10.973287 0.0157797 -0.315364 0.100862 
-0.0118945 -1.28905 0.0172977 0.217981 
-0.0263279 -0.8453 -0.229375 0.703443 
1.62629 1.04368 0.647823 0.398958 
---------------------
Depth = 20.929038 0.0993159 -0.128322 -0.319639 
0.188798 -0.0247253 0.113249 0.353042 
0.91387 -1.14769 -0.73821 0.799699 
1.98036 1.7963 1.46096 0.538868 
---------------------
Depth = 30.703278 -0.938892 -1.8991 0.108428 
0.356249 0.839455 -0.84072 0.289242 
0.848018 1.35755 0.246913 0.776316 
0.85321 -0.432037 -1.67632 -0.599334 
---------------------
Depth = 42.41778 0.743167 0.854095 -0.133639 
0.420108 -2.17113 -1.21945 0.0939192 
-0.193717 -2.22111 -0.390617 0.6636 
3.29332 2.65731 2.08004 0.709109 
---------------------
Depth = 5-0.125757 -0.856704 -0.315283 -0.256009 
-0.551198 -0.961865 -1.01879 -0.555491 
3.37929 4.02887 1.93224 0.852262 
-1.64739 -1.94186 -0.907115 -0.431875 
---------------------
Depth = 61.36799 -0.347518 -1.21877 0.84106 
2.48141 -1.29662 1.21241 1.52554 
1.40891 -2.98137 0.632809 1.02561 
-2.48923 -2.62973 -1.9682 0.447725 
---------------------
Depth = 70.485975 0.285741 -0.815176 -0.0578247 
0.213544 0.0558713 -0.130981 0.227849 
0.13879 -0.376996 -0.2559 0.532744 
0.0311803 1.42448 1.33135 -0.384556 
---------------------
Depth = 82.48318 3.37984 -0.437535 -0.369031 
3.10621 0.545014 -0.756528 -0.2639 
1.70157 -1.53502 -1.24348 -0.26066 
3.1882 1.65563 0.730306 -0.0754197 
---------------------
Depth = 91.8633 1.26128 -0.408419 -0.462497 
-0.29352 -0.165144 -0.892578 -0.339354 
0.568165 -0.394421 -2.91523 -0.825332 
5.31806 5.51765 1.87576 0.0864198 
---------------------
Depth = 100.558599 1.47943 0.471901 0.210692 
-0.229304 -0.761473 -0.903254 -0.140538 
0.813808 0.844323 -0.576821 0.354522 
5.04284 4.23769 2.51449 1.11993 
---------------------
Depth = 111.86383 2.16399 -1.42455 -0.258063 
2.50081 0.672056 -0.68891 -0.132863 
2.41325 0.599347 1.26501 0.554471 
5.32692 4.22706 2.75756 0.744756 
---------------------
Depth = 120.905 -2.30418 -0.336294 0.295687 
0.341507 0.673921 0.71569 0.388152 
0.477768 1.24819 1.12681 0.3552 
-1.22704 -0.0564143 -0.925323 0.169914 
---------------------
Depth = 132.72051 2.22891 -1.49114 -0.176623 
-0.956711 -0.952522 -0.845221 0.325534 
2.30064 -0.519939 0.867135 -0.116528 
3.27564 0.50199 1.433 -0.227087 
---------------------
Depth = 14-1.16995 0.32323 -0.63301 -0.0887489 
0.259813 1.021 -1.40773 -0.179206 
0.738036 2.44483 1.04616 0.164994 
-3.05782 -1.63444 0.373502 0.0806345 
---------------------
Depth = 15-1.58858 3.19676 4.26444 -0.332076 
-0.899258 4.20104 2.6148 0.267606 
-2.56723 2.16425 -0.822523 -0.102968 
0.924577 0.866377 1.02777 0.316945 
---------------------
Depth = 161.9141 -0.816486 -1.12857 -0.324391 
1.34288 -0.196609 0.183785 0.266692 
0.587339 -0.137957 0.286283 0.349381 
1.746 1.02365 0.305497 -0.101646 
---------------------
Depth = 17-0.351531 0.606988 -0.190252 -0.779822 
-0.976741 -2.48725 -2.26432 -0.739144 
6.04805 7.71304 6.747 -0.0190644 
-2.00774 -0.840748 1.54518 0.912073 
---------------------
Depth = 18-0.253273 -0.809699 1.24494 0.739587 
-1.25822 1.37828 0.719077 0.0801215 
0.57529 2.44234 2.26426 -0.269435 
-0.00274222 1.68355 0.46959 0.612804 
---------------------
Depth = 19-0.366605 0.953136 1.64406 -0.537362 
-0.657349 0.814203 1.24275 -0.145406 
0.120326 1.15368 0.970044 -0.0492271 
-0.82422 -0.116852 0.953798 0.241265 
---------------------
Depth = 20-0.746682 -1.35673 0.689669 0.611962 
-0.990381 0.27989 0.974456 0.749431 
0.00566807 0.938945 2.05269 1.61691 
-0.55463 0.508808 0.585916 0.841594 
---------------------
Depth = 210.0869122 0.507549 0.502696 -0.149696 
-0.915545 -1.37562 -0.0176263 0.0168734 
-0.309685 -0.367381 0.259319 -0.438039 
1.86984 2.23556 3.70491 2.74832 
---------------------
Depth = 221.56854 2.40209 -0.381825 -1.10129 
-1.46283 -1.6334 -2.14081 -0.850307 
4.28403 3.80041 1.68682 1.4851 
4.16191 1.52461 -0.69589 -1.35893 
---------------------
Depth = 231.92958 0.573478 1.5643 2.0668 
-0.58208 -3.42669 2.03679 1.53706 
2.53116 -0.0121454 2.58518 0.853396 
0.681158 -0.0855384 1.05287 0.22013 
---------------------
Depth = 241.16283 -3.01787 0.83551 0.199429 
1.25654 -1.80624 1.19909 0.596127 
1.1057 -1.68452 0.357103 0.888691 
-1.15422 -0.989015 -0.529078 -0.26719 
---------------------
Depth = 25-0.371509 0.708246 -1.19614 0.0754875 
0.784554 1.16501 -0.928595 0.476392 
1.11925 0.506297 -0.569947 0.194808 
1.02972 0.489376 1.44902 1.64674 
---------------------
Depth = 26-0.410896 2.82966 3.70501 -1.16314 
-0.0308521 3.03185 1.01759 -0.393099 
0.943464 4.38565 -1.25362 0.201958 
0.99815 -0.328214 -1.73335 -1.82112 
---------------------
Depth = 271.70079 -2.82195 -1.51153 0.0216643 
0.872339 0.48681 -0.16903 0.446642 
0.532956 -0.507859 0.871006 0.371091 
-3.84555 -3.7514 -3.64798 -0.643297 
---------------------
Depth = 28-1.3632 2.30662 2.26548 -0.182621 
0.0487394 2.95976 1.7766 0.471864 
-3.89947 -2.00732 -3.34813 0.354485 
5.24762 5.00741 3.32356 0.611007 
---------------------
Depth = 293.13406 3.88305 -1.38153 -0.749157 
-2.30922 -1.85326 -1.10772 -0.575489 
2.66337 0.40076 0.737619 0.1167 
6.25504 4.56781 4.59696 0.517018 
---------------------
Depth = 301.07374 2.12585 -0.183104 -0.208156 
0.188321 1.17937 -0.426202 -0.348809 
2.09812 -0.338977 0.741526 -0.0455209 
2.43415 1.10208 1.29561 -0.191124 
---------------------
Depth = 311.22783 -4.43758 0.144941 0.494678 
1.13328 1.2141 2.00564 0.604167 
2.45536 2.76802 1.92531 0.862937 
-5.00829 -1.35571 0.219359 0.228811 
---------------------
Depth = 320.346807 -1.19734 1.90844 0.117273 
0.341278 1.72268 1.6423 0.306411 
-0.924422 0.427935 -0.229946 0.0509615 
-2.01256 -1.31911 0.129306 0.0251406 
---------------------
Depth = 330.860102 -0.00909048 -1.20111 2.19105 
0.394713 0.395765 0.731588 2.17852 
-0.179507 -0.972872 0.450443 0.460014 
0.283008 0.219146 0.443033 0.93262 
---------------------
Depth = 34-1.34312 1.336 3.0016 0.802345 
0.11999 -0.938975 1.46166 0.36467 
-3.83371 0.614881 -0.90053 1.04343 
2.91675 2.77811 2.53159 2.41935 
---------------------
Depth = 351.15812 -1.88318 2.84714 -0.869259 
0.594817 0.514751 3.77999 -0.131008 
0.774656 3.48774 2.76647 0.245138 
-2.84717 0.496199 -0.684045 -0.0538741 
---------------------
Depth = 360.621324 -1.23539 0.297821 2.12625 
-0.12644 -0.709993 2.59126 2.34411 
-3.22316 -4.93708 0.326252 -0.132102 
2.38456 1.57638 1.62103 0.929776 
---------------------
Depth = 371.5066 1.00971 -1.67748 -0.125877 
1.78112 2.13403 -0.68811 0.278535 
0.118251 -1.35068 -3.14446 0.307817 
2.60788 3.30441 0.682191 -0.606399 
---------------------
Depth = 380.936783 1.27455 -0.0648409 -0.559459 
1.37378 0.598347 0.18399 -0.357501 
1.34899 0.815784 0.190066 -0.61625 
0.597262 0.985812 1.04467 -0.322439 
---------------------
Depth = 390.0836468 -0.78877 0.496774 0.781992 
0.0112987 -0.853142 1.12862 1.09085 
-1.41496 -2.42686 -0.012574 0.54338 
0.988243 0.588596 1.26681 1.20879 
---------------------
Depth = 40-0.452887 1.37215 2.89017 -0.794783 
-1.42698 0.856478 0.958548 -0.401534 
0.38214 4.40617 2.25226 -0.832467 
-1.08139 1.7528 1.06695 0.0770688 
---------------------
Depth = 411.14612 1.23585 -0.507535 -0.0902586 
-1.34795 -3.25325 -1.7008 -0.340672 
2.00674 3.00608 3.49931 0.309208 
0.490543 3.28657 4.47415 2.96814 
---------------------
Depth = 42-2.49432 5.89482 0.192027 -0.201747 
-3.20867 6.87672 -4.47543 0.339283 
0.393632 4.23093 -2.77386 -0.569293 
-0.219681 -2.40431 -1.93667 -0.332707 
---------------------
Depth = 430.45638 2.641 -1.49633 0.187466 
0.887028 1.83026 -2.06348 0.285372 
2.05197 1.44261 -1.60722 -0.362238 
2.5061 1.31415 0.147387 0.329917 
---------------------
Depth = 441.61237 3.95964 0.990154 -0.461269 
-0.817497 0.725418 -1.84605 -0.404332 
0.933988 -0.181245 -1.039 0.152907 
5.30814 3.23841 0.542978 -0.629729 
---------------------
Depth = 451.78634 0.60139 2.24817 2.71821 
-0.810783 -2.27117 1.482 1.28953 
-2.78903 -1.80751 0.111456 0.544539 
4.24871 5.1364 4.34024 2.099 
---------------------
Depth = 46-1.8281 4.18755 0.629857 -0.162127 
-1.29353 4.05881 -3.76022 0.240722 
1.06834 3.85314 -2.30299 -0.85814 
0.425666 1.06556 -1.41061 -0.559339 
---------------------
Depth = 471.53162 1.88199 -0.507353 -0.121155 
-0.903312 -2.90758 -1.46073 -0.0232472 
-2.6293 -4.12293 -3.48296 -1.09339 
6.26273 7.20299 6.62879 1.93972 
---------------------
Depth = 481.36653 1.35284 -1.09406 -0.605228 
1.68685 1.10784 -1.16569 -0.366705 
1.36053 -0.0510458 -0.0844647 -0.178492 
1.02618 -0.00864258 -0.601286 -0.313459 
---------------------
Depth = 490.505196 0.455688 0.270633 0.0748427 
-1.70806 -0.221993 0.263611 -0.0687068 
0.575553 1.14912 -0.00523519 -0.0279773 
0.665287 2.08101 1.50088 1.03129 
